42.72  0.01
42.47  0.01
42.22  0.01
41.97  0.01
41.72  0.01
41.47  0.01
41.22  0.01
40.97  0.01
40.72  0.01
40.47  0.01
40.22  0.01
39.97  0.01
39.72  0.01
39.47  0.01
39.22  0.01
38.97  0.01
38.72  0.01
38.47  0.01
38.22  0.01
37.97  0.01
37.72  0.01
37.47  0.01
37.22  0.01
36.97  0.01
36.72  0.01
36.47  0.02
36.22  0.02
35.97  0.02
35.72  0.02
35.47  0.02
35.22  0.02
34.97  0.02
34.72  0.02
34.47  0.02
34.22  0.02
33.97  0.02
33.72  0.02
33.47  0.02
33.22  0.02
32.97  0.02
32.72  0.02
32.47  0.02
32.22  0.02
31.97  0.02
31.72  0.02
31.47  0.02
31.22  0.02
30.97  0.02
30.72  0.02
30.47  0.02
30.22  0.02
29.97  0.02
29.72  0.02
29.47  0.02
29.22  0.02
28.97  0.02
28.72  0.02
28.47  0.02
28.22  0.02
27.97  0.02
27.72  0.02
27.47  0.02
27.22  0.02
26.97  0.02
26.72  0.02
26.47  0.02
26.22  0.02
25.97  0.02
25.72  0.03
25.47  0.03
25.22  0.03
24.97  0.03
24.72  0.03
24.47  0.03
24.22  0.03
23.97  0.03
23.72  0.03
23.47  0.03
23.22  0.03
22.97  0.03
22.72  0.03
22.47  0.03
22.22  0.03
21.97  0.03
21.72  0.03
21.47  0.03
21.22  0.03
20.97  0.03
20.72  0.03
20.47  0.03
20.25  0.03
20.06  0.03
19.86  0.03
19.66  0.03
19.46  0.03
19.25  0.03
19.03  0.03
18.81  0.03
18.59  0.03
18.36  0.03
18.13  0.03
17.90  0.03
17.66  0.03
17.42  0.03
17.18  0.03
16.94  0.03
16.69  0.03
16.43  0.03
16.18  0.03
15.92  0.03
15.66  0.03
15.40  0.03
15.14  0.03
14.87  0.03
14.61  0.03
14.34  0.03
14.07  0.03
13.79  0.03
13.52  0.03
13.24  0.03
12.97  0.03
12.69  0.03
12.41  0.03
12.13  0.03
11.85  0.03
11.57  0.03
11.29  0.03
11.01  0.03
10.73  0.03
10.45  0.03
10.17  0.03
9.89  0.03
9.61  0.03
9.33  0.03
9.05  0.03
8.77  0.03
8.49  0.03
8.21  0.03
7.94  0.03
7.66  0.03
7.39  0.03
7.11  0.03
6.84  0.03
6.57  0.03
6.31  0.03
6.04  0.03
5.78  0.03
5.52  0.03
5.26  0.03
5.00  0.03
4.75  0.03
4.50  0.03
4.25  0.03
4.00  0.03
3.76  0.03
3.52  0.03
3.28  0.03
3.05  0.03
2.82  0.03
2.59  0.03
2.37  0.03
2.15  0.03
1.94  0.03
1.73  0.03
1.52  0.03
1.32  0.03
1.13  0.03
0.93  0.03
0.74  0.03
0.55  0.03
0.36  0.03
0.16  0.03
-0.04  0.03
-0.25  0.03
-0.46  0.03
-0.67  0.03
-0.89  0.03
-1.11  0.03
-1.33  0.03
-1.56  0.03
-1.79  0.03
-2.02  0.03
-2.26  0.03
-2.50  0.03
-2.74  0.03
-2.98  0.03
-3.23  0.03
-3.48  0.03
-3.73  0.03
-3.98  0.03
-4.24  0.03
-4.49  0.03
-4.75  0.03
-5.01  0.03
-5.28  0.03
-5.54  0.03
-5.81  0.03
-6.08  0.03
-6.35  0.03
-6.62  0.03
-6.89  0.03
-7.16  0.03
-7.44  0.03
-7.71  0.03
-7.99  0.03
-8.27  0.03
-8.55  0.03
-8.82  0.03
-9.10  0.03
-9.38  0.03
-9.66  0.03
-9.94  0.03
-10.23  0.03
-10.51  0.03
-10.79  0.03
-11.07  0.03
-11.35  0.03
-11.63  0.03
-11.91  0.03
-12.19  0.03
-12.47  0.03
-12.75  0.03
-13.03  0.03
-13.31  0.03
-13.59  0.03
-13.86  0.03
-14.14  0.03
-14.41  0.03
-14.68  0.03
-14.96  0.03
-15.23  0.03
-15.50  0.03
-15.76  0.03
-16.03  0.03
-16.29  0.03
-16.56  0.03
-16.82  0.03
-17.08  0.03
-17.33  0.03
-17.59  0.03
-17.84  0.03
-18.09  0.03
-18.34  0.03
-18.58  0.03
-18.83  0.03
-19.07  0.03
-19.30  0.03
-19.54  0.03
-19.77  0.03
-20.00  0.03
-20.23  0.03
-20.45  0.03
-20.67  0.03
-20.88  0.03
-21.10  0.03
-21.31  0.03
-21.51  0.03
-21.71  0.03
-21.91  0.03
-22.10  0.03
-22.30  0.03
-22.53  0.03
-22.78  0.03
-23.03  0.03
-23.28  0.03
-23.53  0.03
-23.78  0.03
-24.03  0.03
-24.28  0.03
-24.53  0.03
-24.78  0.03
-25.03  0.03
-25.28  0.02
-25.53  0.02
-25.78  0.02
-26.03  0.02
-26.28  0.02
-26.53  0.02
-26.78  0.02
-27.03  0.02
-27.28  0.02
-27.53  0.02
-27.78  0.02
-28.03  0.02
-28.28  0.02
-28.53  0.02
-28.78  0.02
-29.03  0.02
-29.28  0.02
-29.53  0.02
-29.78  0.02
-30.03  0.02
-30.28  0.02
-30.53  0.02
-30.78  0.02
-31.03  0.02
-31.28  0.01
-31.53  0.01
-31.78  0.01
-32.03  0.01
-32.28  0.01
-32.53  0.01
-32.78  0.01
-33.03  0.01
-33.28  0.01
-33.53  0.01
-33.78  0.01
-34.03  0.01
-34.28  0.01
-34.53  0.01
-34.78  0.01
-35.03  0.01
-35.28  0.01
-35.53  0.01
-35.78  0.01
-36.03  0.01
-36.28  0.01
-36.53  0.01
-36.78  0.01
-37.03  0.01
-37.28  0.00
-37.53  0.00
-37.78  0.00
-38.03  0.00
-38.28  0.00
-38.53  0.00
-38.78  0.00
-39.03  0.00
-39.28  0.00
-39.53  0.00
-39.78  0.00
-40.03  -0.00
-40.28  -0.00
-40.53  -0.00
-40.78  -0.00
-41.03  -0.00
-41.28  -0.00
-41.53  -0.00
-41.78  -0.00
-42.03  -0.00
-42.28  -0.00
-42.53  -0.00
-42.78  -0.00
0.00  -0.00
42.72  0.01
42.97  0.01
43.22  0.01
43.47  0.01
43.72  0.01
43.97  0.01
44.22  0.01
44.47  0.01
44.68  0.01
44.92  0.01
45.18  0.01
45.46  0.01
45.74  0.01
46.01  0.01
46.26  0.01
46.48  0.00
46.68  0.00
46.92  -0.00
47.19  -0.00
47.47  -0.01
47.75  -0.02
48.01  -0.03
48.25  -0.06
48.45  -0.09
48.67  -0.14
48.91  -0.22
49.17  -0.30
49.43  -0.40
49.69  -0.50
49.91  -0.60
50.10  -0.69
50.29  -0.78
50.51  -0.90
50.75  -1.03
50.99  -1.18
51.23  -1.33
51.45  -1.48
51.64  -1.62
51.80  -1.76
51.94  -1.91
52.09  -2.10
52.25  -2.31
52.41  -2.54
52.56  -2.78
52.70  -3.02
52.83  -3.24
52.92  -3.44
52.99  -3.62
53.06  -3.83
53.13  -4.05
53.19  -4.30
53.25  -4.56
53.31  -4.83
53.36  -5.10
53.41  -5.38
53.45  -5.66
53.49  -5.93
53.52  -6.19
53.54  -6.44
53.56  -6.67
53.57  -6.87
53.57  -7.11
53.58  -7.36
53.58  -7.61
53.59  -7.86
53.59  -8.11
53.59  -8.36
53.60  -8.61
53.60  -8.86
53.60  -9.11
53.61  -9.36
53.61  -9.61
53.61  -9.86
53.62  -10.11
53.62  -10.36
53.63  -10.61
53.63  -10.86
53.63  -10.93
-53.59  -10.87
-53.59  -11.12
-53.59  -11.37
-53.59  -11.62
-53.59  -11.87
-53.59  -12.12
-53.59  -12.37
-53.59  -12.62
-53.59  -12.87
-53.59  -13.12
-53.59  -13.37
-53.59  -13.62
-53.59  -13.87
-53.59  -14.12
-53.59  -14.37
-53.59  -14.62
-53.58  -14.87
-53.58  -15.12
-53.58  -15.37
-53.58  -15.62
-53.58  -15.87
-53.58  -16.12
-53.58  -16.37
-53.58  -16.62
-53.58  -16.87
-53.58  -17.12
-53.58  -17.37
-53.58  -17.62
-53.58  -17.87
-53.58  -18.12
-53.58  -18.37
-53.58  -18.62
-53.58  -18.87
-53.58  -19.12
-53.58  -19.37
-53.57  -19.62
-53.57  -19.87
-53.57  -20.12
-53.57  -20.37
-53.57  -20.62
-53.57  -20.87
-53.57  -21.12
-53.57  -21.37
-53.57  -21.62
-53.57  -21.87
-53.57  -22.12
-53.57  -22.37
-53.57  -22.62
-53.57  -22.87
-53.57  -23.12
-53.57  -23.37
-53.57  -23.62
-53.57  -23.87
-53.57  -24.12
-53.56  -24.37
-53.56  -24.62
-53.56  -24.87
-53.56  -25.12
-53.56  -25.37
-53.56  -25.62
-53.56  -25.87
-53.56  -26.12
-53.56  -26.37
-53.56  -26.62
-53.56  -26.87
-53.56  -27.12
-53.56  -27.37
-53.56  -27.62
-53.56  -27.87
-53.56  -28.12
-53.56  -28.37
-53.56  -28.62
-53.55  -28.87
-53.55  -29.12
-53.55  -29.37
-53.55  -29.62
-53.55  -29.87
-53.55  -30.12
-53.55  -30.37
-53.55  -30.62
-53.55  -30.87
-53.55  -31.12
-53.55  -31.37
-53.55  -31.62
-53.55  -31.87
-53.55  -32.12
-53.55  -32.37
-53.55  -32.62
-53.55  -32.87
-53.55  -33.12
-53.55  -33.37
-53.54  -33.62
-53.54  -33.87
-53.54  -34.12
-53.54  -34.37
-53.54  -34.59
-53.54  -34.80
-53.54  -35.02
-53.54  -35.27
-53.54  -35.52
-53.54  -35.79
-53.53  -36.06
-53.53  -36.34
-53.52  -36.62
-53.51  -36.90
-53.51  -37.18
-53.49  -37.45
-53.48  -37.72
-53.47  -37.97
-53.45  -38.21
-53.43  -38.44
-53.40  -38.65
-53.38  -38.84
-53.34  -39.04
-53.30  -39.27
-53.25  -39.51
-53.20  -39.76
-53.14  -40.03
-53.08  -40.30
-53.02  -40.57
-52.95  -40.84
-52.88  -41.11
-52.80  -41.38
-52.73  -41.63
-52.66  -41.88
-52.58  -42.11
-52.51  -42.32
-52.44  -42.51
-52.37  -42.69
-52.28  -42.89
-52.19  -43.10
-52.08  -43.33
-51.96  -43.56
-51.84  -43.81
-51.71  -44.05
-51.58  -44.30
-51.44  -44.55
-51.30  -44.79
-51.17  -45.02
-51.03  -45.25
-50.90  -45.46
-50.77  -45.66
-50.65  -45.84
-50.54  -46.00
-50.42  -46.16
-50.29  -46.34
-50.15  -46.52
-50.00  -46.71
-49.83  -46.90
-49.66  -47.11
-49.49  -47.31
-49.31  -47.52
-49.12  -47.73
-48.93  -47.94
-48.74  -48.15
-48.55  -48.35
-48.36  -48.55
-48.17  -48.74
-47.98  -48.93
-47.80  -49.10
-47.63  -49.27
-47.46  -49.42
-47.30  -49.56
-47.15  -49.69
-47.00  -49.81
-46.82  -49.94
-46.64  -50.07
-46.44  -50.21
-46.23  -50.35
-46.01  -50.50
-45.78  -50.64
-45.54  -50.79
-45.30  -50.94
-45.06  -51.08
-44.82  -51.22
-44.58  -51.36
-44.34  -51.50
-44.10  -51.63
-43.87  -51.75
-43.65  -51.86
-43.43  -51.97
-43.23  -52.07
-43.04  -52.15
-42.86  -52.23
-42.67  -52.30
-42.47  -52.38
-42.25  -52.45
-42.02  -52.53
-41.77  -52.61
-41.52  -52.68
-41.26  -52.76
-40.99  -52.83
-40.72  -52.91
-40.45  -52.98
-40.17  -53.05
-39.90  -53.11
-39.63  -53.17
-39.37  -53.23
-39.12  -53.29
-38.87  -53.33
-38.64  -53.38
-38.41  -53.42
-38.21  -53.45
-38.02  -53.47
-37.83  -53.50
-37.64  -53.52
-37.44  -53.54
-37.25  -53.57
-37.05  -53.59
-36.85  -53.61
-36.65  -53.63
-36.44  -53.65
-36.24  -53.67
-36.03  -53.68
-35.81  -53.70
-35.60  -53.72
-35.38  -53.74
-35.16  -53.75
-34.94  -53.77
-34.72  -53.78
-34.50  -53.80
-34.27  -53.81
-34.04  -53.82
-33.81  -53.84
-33.58  -53.85
-33.34  -53.86
-33.11  -53.87
-32.87  -53.88
-32.63  -53.90
-32.39  -53.91
-32.14  -53.92
-31.90  -53.92
-31.65  -53.93
-31.40  -53.94
-31.15  -53.95
-30.90  -53.96
-30.65  -53.96
-30.40  -53.97
-30.14  -53.98
-29.89  -53.98
-29.63  -53.99
-29.37  -53.99
-29.11  -54.00
-28.85  -54.00
-28.58  -54.01
-28.32  -54.01
-28.05  -54.01
-27.79  -54.02
-27.52  -54.02
-27.25  -54.02
-26.98  -54.02
-26.71  -54.02
-26.44  -54.02
-26.17  -54.03
-25.90  -54.03
-25.62  -54.03
-25.35  -54.03
-25.07  -54.03
-24.80  -54.02
-24.52  -54.02
-24.24  -54.02
-23.97  -54.02
-23.69  -54.02
-23.41  -54.02
-23.13  -54.01
-22.85  -54.01
-22.57  -54.01
-22.29  -54.01
-22.01  -54.00
-21.73  -54.00
-21.45  -54.00
-21.17  -53.99
-20.89  -53.99
-20.61  -53.98
-20.32  -53.98
-20.04  -53.98
-19.76  -53.97
-19.48  -53.97
-19.20  -53.96
-18.92  -53.96
-18.63  -53.95
-18.35  -53.94
-18.07  -53.94
-17.79  -53.93
-17.51  -53.93
-17.23  -53.92
-16.95  -53.91
-16.67  -53.91
-16.39  -53.90
-16.11  -53.90
-15.84  -53.89
-15.56  -53.88
-15.28  -53.88
-15.00  -53.87
-14.73  -53.86
-14.45  -53.86
-14.18  -53.85
-13.90  -53.84
-13.63  -53.83
-13.36  -53.83
-13.09  -53.82
-12.82  -53.81
-12.55  -53.81
-12.28  -53.80
-12.01  -53.79
-11.74  -53.78
-11.48  -53.78
-11.21  -53.77
-10.95  -53.76
-10.69  -53.76
-10.43  -53.75
-10.17  -53.74
-9.91  -53.74
-9.65  -53.73
-9.40  -53.72
-9.14  -53.71
-8.89  -53.71
-8.64  -53.70
-8.39  -53.70
-8.14  -53.69
-7.89  -53.68
-7.64  -53.68
-7.40  -53.67
-7.16  -53.66
-6.92  -53.66
-6.68  -53.65
-6.44  -53.65
-6.21  -53.64
-5.97  -53.64
-5.74  -53.63
-5.51  -53.63
-5.28  -53.62
-5.06  -53.62
-4.83  -53.61
-4.61  -53.61
-4.39  -53.60
-4.18  -53.60
-3.96  -53.60
-3.75  -53.59
-3.54  -53.59
-3.33  -53.59
-3.12  -53.58
-2.92  -53.58
-2.72  -53.58
-2.52  -53.58
-2.32  -53.58
-2.13  -53.57
-1.94  -53.57
-1.75  -53.57
-1.55  -53.57
-1.33  -53.57
-1.10  -53.57
-0.85  -53.56
-0.59  -53.56
-0.32  -53.56
-0.05  -53.55
0.23  -53.55
0.51  -53.55
0.79  -53.54
1.07  -53.54
1.34  -53.53
1.60  -53.53
1.85  -53.53
2.08  -53.52
2.30  -53.52
2.50  -53.52
2.69  -53.52
2.88  -53.52
3.08  -53.52
3.27  -53.52
3.47  -53.52
3.68  -53.52
3.88  -53.52
4.09  -53.52
4.30  -53.52
4.51  -53.52
4.72  -53.52
4.94  -53.52
5.16  -53.53
5.38  -53.53
5.60  -53.53
5.83  -53.53
6.06  -53.54
6.29  -53.54
6.52  -53.54
6.75  -53.54
6.99  -53.55
7.23  -53.55
7.47  -53.55
7.71  -53.56
7.95  -53.56
8.20  -53.56
8.44  -53.57
8.69  -53.57
8.94  -53.58
9.19  -53.58
9.45  -53.58
9.70  -53.59
9.96  -53.59
10.22  -53.60
10.47  -53.60
10.74  -53.61
11.00  -53.61
11.26  -53.62
11.52  -53.62
11.79  -53.63
12.06  -53.63
12.32  -53.64
12.59  -53.64
12.86  -53.65
13.13  -53.65
13.40  -53.66
13.68  -53.66
13.95  -53.67
14.22  -53.67
14.50  -53.68
14.77  -53.68
15.05  -53.69
15.33  -53.69
15.61  -53.70
15.88  -53.70
16.16  -53.71
16.44  -53.71
16.72  -53.72
17.00  -53.72
17.28  -53.73
17.56  -53.73
17.84  -53.73
18.12  -53.74
18.40  -53.74
18.68  -53.75
18.97  -53.75
19.25  -53.76
19.53  -53.76
19.81  -53.76
20.09  -53.77
20.37  -53.77
20.65  -53.78
20.93  -53.78
21.21  -53.78
21.50  -53.79
21.78  -53.79
22.05  -53.79
22.33  -53.79
22.61  -53.80
22.89  -53.80
23.17  -53.80
23.45  -53.80
23.72  -53.81
24.00  -53.81
24.27  -53.81
24.55  -53.81
24.82  -53.81
25.09  -53.81
25.37  -53.81
25.64  -53.81
25.91  -53.81
26.18  -53.81
26.45  -53.81
26.71  -53.81
26.98  -53.81
27.24  -53.81
27.51  -53.81
27.77  -53.81
28.03  -53.81
28.29  -53.80
28.55  -53.80
28.81  -53.80
29.06  -53.80
29.32  -53.79
29.57  -53.79
29.82  -53.79
30.07  -53.78
30.32  -53.78
30.56  -53.77
30.81  -53.77
31.05  -53.76
31.29  -53.76
31.53  -53.75
31.76  -53.74
32.00  -53.74
32.23  -53.73
32.46  -53.72
32.69  -53.71
32.92  -53.71
33.14  -53.70
33.37  -53.69
33.59  -53.68
33.80  -53.67
34.02  -53.66
34.23  -53.65
34.44  -53.64
34.65  -53.62
34.86  -53.61
35.06  -53.60
35.26  -53.59
35.46  -53.57
35.66  -53.56
35.85  -53.55
36.04  -53.53
36.23  -53.52
36.43  -53.50
36.64  -53.48
36.87  -53.46
37.11  -53.43
37.36  -53.40
37.62  -53.37
37.88  -53.34
38.16  -53.30
38.43  -53.27
38.71  -53.23
38.99  -53.19
39.27  -53.14
39.54  -53.10
39.82  -53.05
40.08  -53.00
40.34  -52.95
40.60  -52.90
40.84  -52.85
41.07  -52.79
41.29  -52.74
41.50  -52.68
41.69  -52.62
41.87  -52.56
42.07  -52.49
42.28  -52.40
42.50  -52.31
42.73  -52.21
42.97  -52.10
43.22  -51.98
43.47  -51.86
43.72  -51.73
43.97  -51.61
44.22  -51.47
44.46  -51.34
44.70  -51.21
44.94  -51.08
45.16  -50.95
45.37  -50.82
45.57  -50.70
45.76  -50.58
45.93  -50.47
46.09  -50.36
46.26  -50.23
46.44  -50.09
46.63  -49.94
46.83  -49.78
47.04  -49.61
47.25  -49.43
47.46  -49.24
47.67  -49.06
47.88  -48.87
48.08  -48.68
48.28  -48.49
48.47  -48.31
48.65  -48.14
48.81  -47.97
48.97  -47.81
49.10  -47.67
49.24  -47.52
49.38  -47.35
49.53  -47.17
49.70  -46.97
49.86  -46.76
50.03  -46.54
50.20  -46.32
50.37  -46.09
50.53  -45.87
50.69  -45.65
50.84  -45.43
50.98  -45.22
51.11  -45.02
51.22  -44.84
51.32  -44.67
51.42  -44.49
51.52  -44.29
51.62  -44.08
51.73  -43.85
51.84  -43.61
51.95  -43.36
52.06  -43.10
52.17  -42.84
52.28  -42.58
52.38  -42.32
52.48  -42.07
52.57  -41.81
52.66  -41.57
52.74  -41.34
52.81  -41.12
52.87  -40.92
52.92  -40.73
52.97  -40.53
53.02  -40.32
53.06  -40.09
53.11  -39.85
53.15  -39.60
53.20  -39.34
53.24  -39.07
53.28  -38.80
53.32  -38.52
53.35  -38.24
53.39  -37.96
53.42  -37.68
53.44  -37.41
53.47  -37.14
53.49  -36.88
53.51  -36.63
53.52  -36.40
53.53  -36.17
53.54  -35.97
53.54  -35.75
53.54  -35.50
53.54  -35.25
53.54  -35.00
53.54  -34.75
53.54  -34.50
53.54  -34.25
53.54  -34.00
53.55  -33.75
53.55  -33.50
53.55  -33.25
53.55  -33.00
53.55  -32.75
53.55  -32.50
53.55  -32.25
53.55  -32.00
53.55  -31.75
53.55  -31.50
53.55  -31.25
53.56  -31.00
53.56  -30.75
53.56  -30.50
53.56  -30.25
53.56  -30.00
53.56  -29.75
53.56  -29.50
53.56  -29.25
53.56  -29.00
53.56  -28.75
53.57  -28.50
53.57  -28.25
53.57  -28.00
53.57  -27.75
53.57  -27.50
53.57  -27.25
53.57  -27.00
53.57  -26.75
53.57  -26.50
53.57  -26.25
53.57  -26.00
53.58  -25.75
53.58  -25.50
53.58  -25.25
53.58  -25.00
53.58  -24.75
53.58  -24.50
53.58  -24.25
53.58  -24.00
53.58  -23.75
53.58  -23.50
53.58  -23.25
53.59  -23.00
53.59  -22.75
53.59  -22.50
53.59  -22.25
53.59  -22.00
53.59  -21.75
53.59  -21.50
53.59  -21.25
53.59  -21.00
53.59  -20.75
53.59  -20.50
53.60  -20.25
53.60  -20.00
53.60  -19.75
53.60  -19.50
53.60  -19.25
53.60  -19.00
53.60  -18.75
53.60  -18.50
53.60  -18.25
53.60  -18.00
53.60  -17.75
53.61  -17.50
53.61  -17.25
53.61  -17.00
53.61  -16.75
53.61  -16.50
53.61  -16.25
53.61  -16.00
53.61  -15.75
53.61  -15.50
53.61  -15.25
53.61  -15.00
53.62  -14.75
53.62  -14.50
53.62  -14.25
53.62  -14.00
53.62  -13.75
53.62  -13.50
53.62  -13.25
53.62  -13.00
53.62  -12.75
53.62  -12.50
53.62  -12.25
53.63  -12.00
53.63  -11.75
53.63  -11.50
53.63  -11.25
53.63  -11.00
0.00  -11.00
