-1.83  -125.50
-1.83  -125.25
-1.83  -125.00
-1.83  -124.75
-1.83  -124.50
-1.83  -124.25
-1.83  -124.00
-1.83  -123.75
-1.83  -123.50
-1.83  -123.25
-1.83  -123.00
-1.83  -122.75
-1.83  -122.50
-1.83  -122.25
-1.83  -122.00
-1.83  -121.75
-1.83  -121.50
-1.83  -121.25
-1.83  -121.00
-1.83  -120.75
-1.83  -120.50
-1.83  -120.25
-1.83  -120.00
-1.83  -119.75
-1.83  -119.50
-1.83  -119.25
-1.83  -119.00
-1.83  -118.75
-1.83  -118.50
-1.83  -118.25
-1.83  -118.00
-1.83  -117.75
-1.83  -117.50
-1.83  -117.25
-1.83  -117.00
-1.83  -116.75
-1.83  -116.50
-1.83  -116.25
-1.83  -116.00
-1.83  -115.75
-1.83  -115.50
-1.83  -115.25
-1.83  -115.00
-1.83  -114.75
-1.83  -114.50
-1.83  -114.25
-1.83  -114.00
-1.83  -113.75
-1.83  -113.50
-1.83  -113.25
-1.83  -113.00
-1.83  -112.75
-1.83  -112.50
-1.83  -112.25
-1.83  -112.00
-1.83  -111.75
-1.83  -111.50
-1.83  -111.25
-1.83  -111.00
-1.83  -110.75
-1.83  -110.50
-1.83  -110.25
-1.83  -110.00
-1.83  -109.75
-1.83  -109.50
-1.83  -109.25
-1.83  -109.00
-1.83  -108.75
-1.83  -108.50
-1.83  -108.25
-1.82  -108.00
-1.82  -107.75
-1.82  -107.50
-1.82  -107.25
-1.82  -107.00
-1.82  -106.75
-1.82  -106.50
-1.82  -106.25
-1.82  -106.00
-1.82  -105.75
-1.82  -105.50
-1.82  -105.25
-1.82  -105.00
-1.82  -104.75
-1.82  -104.50
-1.82  -104.25
-1.82  -104.00
-1.82  -103.75
-1.82  -103.50
-1.82  -103.25
-1.82  -103.00
-1.82  -102.75
-1.82  -102.50
-1.82  -102.25
-1.82  -102.00
-1.82  -101.75
-1.82  -101.50
-1.82  -101.25
-1.82  -101.00
-1.82  -100.75
-1.82  -100.50
-1.82  -100.25
-1.82  -100.00
-1.82  -99.75
-1.82  -99.50
-1.82  -99.25
-1.82  -99.00
-1.82  -98.75
-1.82  -98.50
-1.82  -98.25
-1.82  -98.00
-1.82  -97.75
-1.82  -97.50
-1.82  -97.25
-1.82  -97.00
-1.82  -96.75
-1.82  -96.50
-1.82  -96.25
-1.82  -96.00
-1.82  -95.75
-1.82  -95.50
-1.82  -95.25
-1.82  -95.00
-1.82  -94.75
-1.82  -94.50
-1.82  -94.25
-1.82  -94.00
-1.82  -93.75
-1.82  -93.50
-1.82  -93.25
-1.82  -93.00
-1.82  -92.75
-1.82  -92.50
-1.82  -92.25
-1.82  -92.00
-1.82  -91.75
-1.82  -91.50
-1.82  -91.25
-1.82  -91.00
-1.82  -90.75
-1.82  -90.50
-1.82  -90.25
-1.82  -90.00
-1.82  -89.75
-1.82  -89.50
-1.82  -89.25
-1.82  -89.00
-1.82  -88.75
-1.82  -88.50
-1.82  -88.25
-1.82  -88.00
-1.82  -87.75
-1.82  -87.50
-1.82  -87.25
-1.82  -87.00
-1.82  -86.75
-1.82  -86.50
-1.82  -86.25
-1.82  -86.00
-1.82  -85.75
-1.82  -85.50
-1.82  -85.25
-1.82  -85.00
-1.82  -84.75
-1.82  -84.50
-1.82  -84.25
-1.82  -84.00
-1.82  -83.75
-1.82  -83.50
-1.82  -83.25
-1.82  -83.00
-1.82  -82.75
-1.82  -82.50
-1.82  -82.25
-1.82  -82.00
-1.82  -81.75
-1.82  -81.50
-1.82  -81.25
-1.82  -81.00
-1.82  -80.75
-1.82  -80.50
-1.82  -80.25
-1.82  -80.00
-1.82  -79.75
-1.82  -79.50
-1.82  -79.25
-1.82  -79.00
-1.82  -78.75
-1.82  -78.50
-1.82  -78.25
-1.82  -78.00
-1.82  -77.75
-1.82  -77.50
-1.82  -77.25
-1.82  -77.00
-1.82  -76.75
-1.82  -76.50
-1.82  -76.25
-1.82  -76.00
-1.82  -75.75
-1.82  -75.50
-1.82  -75.25
-1.82  -75.00
-1.82  -74.75
-1.82  -74.50
-1.82  -74.25
-1.82  -74.00
-1.82  -73.75
-1.82  -73.50
-1.82  -73.25
-1.82  -73.00
-1.82  -72.75
-1.82  -72.50
-1.82  -72.25
-1.82  -72.00
-1.82  -71.75
-1.82  -71.50
-1.82  -71.25
-1.82  -71.00
-1.82  -70.75
-1.82  -70.50
-1.82  -70.25
-1.82  -70.00
-1.82  -69.75
-1.82  -69.50
-1.82  -69.25
-1.82  -69.00
-1.82  -68.75
-1.82  -68.50
-1.82  -68.25
-1.82  -68.00
-1.82  -67.75
-1.82  -67.50
-1.82  -67.25
-1.82  -67.00
-1.82  -66.75
-1.82  -66.50
-1.82  -66.25
-1.82  -66.00
-1.82  -65.75
-1.82  -65.50
-1.82  -65.25
-1.82  -65.00
-1.81  -64.75
-1.81  -64.50
-1.81  -64.25
-1.81  -64.00
-1.81  -63.75
-1.81  -63.50
-1.81  -63.25
-1.81  -63.00
-1.81  -62.75
-1.81  -62.50
-1.81  -62.25
-1.81  -62.00
-1.81  -61.75
-1.81  -61.50
-1.81  -61.25
-1.81  -61.00
-1.81  -60.75
-1.81  -60.50
-1.81  -60.25
-1.81  -60.00
-1.81  -59.75
-1.81  -59.50
-1.81  -59.25
-1.81  -59.00
-1.81  -58.75
-1.81  -58.50
-1.81  -58.25
-1.81  -58.00
-1.81  -57.75
-1.81  -57.50
-1.81  -57.25
-1.81  -57.00
-1.81  -56.75
-1.81  -56.50
-1.81  -56.25
-1.81  -56.00
-1.81  -55.75
-1.81  -55.50
-1.81  -55.25
-1.81  -55.00
-1.81  -54.75
-1.81  -54.50
-1.81  -54.25
-1.81  -54.00
-1.81  -53.75
-1.81  -53.50
-1.81  -53.25
-1.81  -53.00
-1.81  -52.75
-1.81  -52.50
-1.81  -52.25
-1.81  -52.00
-1.81  -51.75
-1.81  -51.50
-1.81  -51.25
-1.81  -51.00
-1.81  -50.75
-1.81  -50.50
-1.81  -50.25
-1.81  -50.00
-1.81  -49.75
-1.81  -49.50
-1.81  -49.25
-1.81  -49.00
-1.81  -48.75
-1.81  -48.50
-1.81  -48.25
-1.81  -48.00
-1.81  -47.75
-1.81  -47.50
-1.81  -47.25
-1.81  -47.00
-1.81  -46.75
-1.81  -46.50
-1.81  -46.25
-1.81  -46.00
-1.81  -45.75
-1.81  -45.50
-1.81  -45.25
-1.81  -45.00
-1.81  -44.75
-1.81  -44.50
-1.81  -44.25
-1.81  -44.00
-1.81  -43.75
-1.81  -43.50
-1.81  -43.25
-1.81  -43.00
-1.81  -42.75
-1.81  -42.50
-1.81  -42.25
-1.81  -42.00
-1.81  -41.75
-1.81  -41.50
-1.81  -41.25
-1.81  -41.00
-1.81  -40.75
-1.81  -40.50
-1.81  -40.25
-1.81  -40.00
-1.81  -39.75
-1.81  -39.50
-1.81  -39.25
-1.81  -39.00
-1.81  -38.75
-1.81  -38.50
-1.81  -38.25
-1.81  -38.00
-1.81  -37.75
-1.81  -37.50
-1.81  -37.25
-1.81  -37.00
-1.81  -36.75
-1.81  -36.50
-1.81  -36.25
-1.81  -36.00
-1.81  -35.75
-1.81  -35.50
-1.81  -35.25
-1.81  -35.00
-1.81  -34.75
-1.81  -34.50
-1.81  -34.25
-1.81  -34.00
-1.81  -33.75
-1.81  -33.50
-1.81  -33.25
-1.81  -33.00
-1.81  -32.75
-1.81  -32.50
-1.81  -32.25
-1.81  -32.00
-1.81  -31.75
-1.81  -31.50
-1.81  -31.25
-1.81  -31.00
-1.81  -30.75
-1.81  -30.50
-1.81  -30.25
-1.81  -30.00
-1.81  -29.75
-1.81  -29.50
-1.81  -29.25
-1.81  -29.00
-1.81  -28.75
-1.81  -28.50
-1.81  -28.25
-1.81  -28.00
-1.81  -27.75
-1.81  -27.50
-1.81  -27.25
-1.81  -27.00
-1.81  -26.75
-1.81  -26.50
-1.81  -26.25
-1.81  -26.00
-1.81  -25.75
-1.81  -25.50
-1.81  -25.25
-1.81  -25.00
-1.81  -24.75
-1.81  -24.50
-1.81  -24.25
-1.81  -24.00
-1.81  -23.75
-1.81  -23.50
-1.81  -23.25
-1.81  -23.00
-1.81  -22.75
-1.81  -22.50
-1.81  -22.25
-1.81  -22.00
-1.81  -21.75
-1.80  -21.50
-1.80  -21.25
-1.80  -21.00
-1.80  -20.75
-1.80  -20.50
-1.80  -20.25
-1.80  -20.00
-1.80  -19.75
-1.80  -19.50
-1.80  -19.25
-1.80  -19.00
-1.80  -18.75
-1.80  -18.50
-1.80  -18.25
-1.80  -18.00
-1.80  -17.75
-1.80  -17.50
-1.80  -17.25
-1.80  -17.00
-1.80  -16.75
-1.80  -16.50
-1.80  -16.25
-1.80  -16.00
-1.80  -15.75
-1.80  -15.50
-1.80  -15.25
-1.80  -15.00
-1.80  -14.75
-1.80  -14.50
-1.80  -14.25
-1.80  -14.00
-1.80  -13.75
-1.80  -13.50
-1.80  -13.25
-1.80  -13.00
-1.80  -12.75
-1.80  -12.50
-1.80  -12.25
-1.80  -12.00
-1.80  -11.75
-1.80  -11.50
-1.80  -11.25
-1.80  -11.00
-1.80  -10.75
-1.80  -10.50
-1.80  -10.25
-1.80  -10.00
-1.80  -9.75
-1.80  -9.50
-1.80  -9.25
-1.80  -9.00
-1.80  -8.75
-1.80  -8.50
-1.80  -8.25
-1.80  -8.00
-1.80  -7.75
-1.80  -7.50
-1.80  -7.25
-1.80  -7.00
-1.80  -6.75
-1.80  -6.50
-1.80  -6.25
-1.80  -6.00
-1.80  -5.75
-1.80  -5.50
-1.80  -5.25
-1.80  -5.00
-1.80  -4.75
-1.80  -4.50
-1.80  -4.25
-1.80  -4.00
-1.80  -3.75
-1.80  -3.50
-1.80  -3.25
-1.80  -3.00
-1.80  -2.75
-1.80  -2.50
-1.80  -2.25
-1.80  -2.00
-1.80  -1.75
-1.80  -1.50
-1.80  -1.25
-1.80  -1.00
-1.80  -0.75
-1.80  -0.50
-1.80  -0.25
-1.80  0.00
-1.80  0.25
-1.80  0.50
-1.80  0.75
-1.80  1.00
-1.80  1.25
-1.80  1.50
-1.80  1.75
-1.80  2.00
-1.80  2.25
-1.80  2.50
-1.80  2.75
-1.80  3.00
-1.80  3.25
-1.80  3.50
-1.80  3.75
-1.80  4.00
-1.80  4.25
-1.80  4.50
-1.80  4.75
-1.80  5.00
-1.80  5.25
-1.80  5.50
-1.80  5.75
-1.80  6.00
-1.80  6.25
-1.80  6.50
-1.80  6.75
-1.80  7.00
-1.80  7.25
-1.80  7.50
-1.80  7.75
-1.80  8.00
-1.80  8.25
-1.80  8.50
-1.80  8.75
-1.80  9.00
-1.80  9.25
-1.80  9.50
-1.80  9.75
-1.80  10.00
-1.80  10.25
-1.80  10.50
-1.80  10.75
-1.80  11.00
-1.80  11.25
-1.79  11.50
-1.79  11.75
-1.79  12.00
-1.79  12.25
-1.79  12.50
-1.79  12.75
-1.79  13.00
-1.79  13.25
-1.79  13.50
-1.79  13.75
-1.79  14.00
-1.79  14.25
-1.79  14.50
-1.79  14.75
-1.79  15.00
-1.79  15.25
-1.79  15.50
-1.79  15.75
-1.79  16.00
-1.79  16.25
-1.79  16.50
-1.79  16.75
-1.79  17.00
-1.79  17.25
-1.79  17.50
-1.79  17.75
-1.79  18.00
-1.79  18.25
-1.79  18.50
-1.79  18.75
-1.79  19.00
-1.79  19.25
-1.79  19.50
-1.79  19.75
-1.79  20.00
-1.79  20.25
-1.79  20.50
-1.79  20.75
-1.79  21.00
-1.79  21.25
-1.79  21.50
-1.79  21.75
-1.79  22.00
-1.79  22.25
-1.79  22.50
-1.79  22.75
-1.79  23.00
-1.79  23.25
-1.79  23.50
-1.79  23.75
-1.79  24.00
-1.79  24.25
-1.79  24.50
-1.79  24.75
-1.79  25.00
-1.79  25.25
-1.79  25.50
-1.79  25.75
-1.79  26.00
-1.79  26.25
-1.79  26.50
-1.79  26.75
-1.79  27.00
-1.79  27.25
-1.79  27.50
-1.79  27.75
-1.79  28.00
-1.79  28.25
-1.79  28.50
-1.79  28.75
-1.79  29.00
-1.79  29.25
-1.79  29.50
-1.79  29.75
-1.79  30.00
-1.79  30.25
-1.79  30.50
-1.79  30.75
-1.79  31.00
-1.79  31.25
-1.79  31.50
-1.79  31.75
-1.79  32.00
-1.79  32.25
-1.79  32.50
-1.79  32.75
-1.79  33.00
-1.79  33.25
-1.79  33.50
-1.79  33.75
-1.79  34.00
-1.79  34.25
-1.79  34.50
-1.79  34.75
-1.79  35.00
-1.79  35.25
-1.79  35.50
-1.79  35.75
-1.79  36.00
-1.79  36.25
-1.79  36.50
-1.79  36.75
-1.79  37.00
-1.79  37.25
-1.79  37.50
-1.79  37.75
-1.79  38.00
-1.79  38.25
-1.79  38.50
-1.79  38.75
-1.79  39.00
-1.79  39.25
-1.79  39.50
-1.79  39.75
-1.79  40.00
-1.79  40.25
-1.79  40.50
-1.79  40.75
-1.79  41.00
-1.79  41.25
-1.79  41.50
-1.79  41.75
-1.79  42.00
-1.79  42.25
-1.79  42.50
-1.79  42.75
-1.79  43.00
-1.79  43.25
-1.79  43.50
-1.79  43.75
-1.79  44.00
-1.79  44.25
-1.79  44.50
-1.79  44.75
-1.79  45.00
-1.79  45.25
-1.79  45.50
-1.79  45.75
-1.79  46.00
-1.79  46.25
-1.79  46.50
-1.79  46.75
-1.79  47.00
-1.79  47.25
-1.79  47.50
-1.79  47.75
-1.79  48.00
-1.79  48.25
-1.79  48.50
-1.79  48.75
-1.79  49.00
-1.79  49.25
-1.79  49.50
-1.79  49.75
-1.79  50.00
-1.79  50.25
-1.79  50.50
-1.79  50.75
-1.79  51.00
-1.79  51.25
-1.79  51.50
-1.79  51.75
-1.79  52.00
-1.79  52.25
-1.79  52.50
-1.79  52.75
-1.79  53.00
-1.79  53.25
-1.79  53.50
-1.79  53.75
-1.79  54.00
-1.79  54.25
-1.79  54.50
-1.78  54.75
-1.78  55.00
-1.78  55.25
-1.78  55.50
-1.78  55.75
-1.78  56.00
-1.78  56.25
-1.78  56.50
-1.78  56.75
-1.78  57.00
-1.78  57.25
-1.78  57.50
-1.78  57.75
-1.78  58.00
-1.78  58.25
-1.78  58.50
-1.78  58.75
-1.78  59.00
-1.78  59.25
-1.78  59.50
-1.78  59.75
-1.78  60.00
-1.78  60.25
-1.78  60.50
-1.78  60.75
-1.78  61.00
-1.78  61.25
-1.78  61.50
-1.78  61.75
-1.78  62.00
-1.78  62.25
-1.78  62.50
-1.78  62.75
-1.78  63.00
-1.78  63.25
-1.78  63.50
-1.78  63.75
-1.78  64.00
-1.78  64.25
-1.78  64.50
-1.78  64.75
-1.78  65.00
-1.78  65.25
-1.78  65.50
-1.78  65.75
-1.78  66.00
-1.78  66.25
-1.78  66.50
-1.78  66.75
-1.78  67.00
-1.78  67.25
-1.78  67.50
-1.78  67.75
-1.78  68.00
-1.78  68.25
-1.78  68.50
-1.78  68.75
-1.78  69.00
-1.78  69.25
-1.78  69.50
-1.78  69.75
-1.78  70.00
-1.78  70.25
-1.78  70.50
-1.78  70.75
-1.78  71.00
-1.78  71.25
-1.78  71.50
-1.78  71.75
-1.78  72.00
-1.78  72.25
-1.78  72.50
-1.78  72.75
-1.78  73.00
-1.78  73.25
-1.78  73.50
-1.78  73.75
-1.78  74.00
-1.78  74.25
-1.78  74.50
-1.78  74.75
-1.78  75.00
-1.78  75.25
-1.78  75.50
-1.78  75.75
-1.78  76.00
-1.78  76.25
-1.78  76.50
-1.78  76.75
-1.78  77.00
-1.78  77.25
-1.78  77.50
-1.78  77.75
-1.78  78.00
-1.78  78.25
-1.78  78.50
-1.78  78.75
-1.78  79.00
-1.78  79.25
-1.78  79.50
-1.78  79.75
-1.78  80.00
-1.78  80.25
-1.78  80.50
-1.78  80.75
-1.78  81.00
-1.78  81.25
-1.78  81.50
-1.78  81.75
-1.78  82.00
-1.78  82.25
-1.78  82.50
-1.78  82.75
-1.78  83.00
-1.78  83.25
-1.78  83.50
-1.78  83.75
-1.78  84.00
-1.78  84.25
-1.78  84.50
-1.78  84.75
-1.78  85.00
-1.78  85.25
-1.78  85.50
-1.78  85.75
-1.78  86.00
-1.78  86.25
-1.78  86.50
-1.78  86.75
-1.78  87.00
-1.78  87.25
-1.78  87.50
-1.78  87.75
-1.78  88.00
-1.78  88.25
-1.78  88.50
-1.78  88.75
-1.78  89.00
-1.78  89.25
-1.78  89.50
-1.78  89.75
-1.78  90.00
-1.78  90.25
-1.78  90.50
-1.78  90.75
-1.78  91.00
-1.78  91.25
-1.78  91.50
-1.78  91.75
-1.78  92.00
-1.78  92.25
-1.78  92.50
-1.78  92.75
-1.78  93.00
-1.78  93.25
-1.78  93.50
-1.78  93.75
-1.78  94.00
-1.78  94.25
-1.78  94.50
-1.78  94.75
-1.78  95.00
-1.78  95.25
-1.78  95.50
-1.78  95.75
-1.78  96.00
-1.78  96.25
-1.78  96.50
-1.78  96.75
-1.78  97.00
-1.78  97.25
-1.78  97.50
-1.78  97.75
-1.77  98.00
-1.77  98.25
-1.77  98.50
-1.77  98.75
-1.77  99.00
-1.77  99.25
-1.77  99.50
-1.77  99.75
-1.77  100.00
-1.77  100.25
-1.77  100.50
-1.77  100.75
-1.77  101.00
-1.77  101.25
-1.77  101.50
-1.77  101.75
-1.77  102.00
-1.77  102.25
-1.77  102.50
-1.77  102.75
-1.77  103.00
-1.77  103.25
-1.77  103.50
-1.77  103.75
-1.77  104.00
-1.77  104.25
-1.77  104.50
-1.77  104.75
-1.77  105.00
-1.77  105.25
-1.77  105.50
-1.77  105.75
-1.77  106.00
-1.77  106.25
-1.77  106.50
-1.77  106.75
-1.77  107.00
-1.77  107.25
-1.77  107.50
-1.77  107.75
-1.77  108.00
-1.77  108.25
-1.77  108.50
-1.77  108.75
-1.77  109.00
-1.77  109.25
-1.77  109.50
-1.77  109.75
-1.77  110.00
-1.77  110.25
-1.77  110.50
-1.77  110.75
-1.77  111.00
-1.77  111.25
-1.77  111.50
-1.77  111.75
-1.77  112.00
-1.77  112.25
-1.77  112.50
-1.77  112.75
-1.77  113.00
-1.77  113.25
-1.77  113.50
-1.77  113.75
-1.77  114.00
-1.77  114.25
-1.77  114.50
-1.77  114.75
-1.77  115.00
-1.77  115.25
-1.77  115.50
-1.77  115.75
-1.77  116.00
-1.77  116.25
-1.77  116.50
-1.77  116.75
-1.77  117.00
-1.77  117.25
-1.77  117.50
-1.77  117.75
-1.77  118.00
-1.77  118.25
-1.77  118.50
-1.77  118.75
-1.77  119.00
-1.77  119.25
-1.77  119.50
-1.77  119.75
-1.77  120.00
-1.77  120.25
-1.77  120.50
-1.77  120.75
-1.77  121.00
-1.77  121.25
-1.77  121.50
-1.77  121.75
-1.77  122.00
-1.77  122.25
-1.77  122.50
-1.77  122.75
-1.77  123.00
-1.77  123.25
-1.77  123.50
-1.77  123.75
-1.77  124.00
-1.77  124.25
-1.77  124.50
-1.77  124.75
-1.77  125.00
-1.77  125.25
-1.77  125.50
-1.77  125.50
