42.72  0.01
42.47  0.01
42.22  0.01
41.97  0.01
41.72  0.01
41.47  0.01
41.22  0.01
40.97  0.01
40.72  0.01
40.47  0.01
40.22  0.01
39.97  0.01
39.72  0.01
39.47  0.01
39.22  0.01
38.97  0.01
38.72  0.01
38.47  0.01
38.22  0.01
37.97  0.01
37.72  0.01
37.47  0.01
37.22  0.01
36.97  0.01
36.72  0.01
36.47  0.02
36.22  0.02
35.97  0.02
35.72  0.02
35.47  0.02
35.22  0.02
34.97  0.02
34.72  0.02
34.47  0.02
34.22  0.02
33.97  0.02
33.72  0.02
33.47  0.02
33.22  0.02
32.97  0.02
32.72  0.02
32.47  0.02
32.22  0.02
31.97  0.02
31.72  0.02
31.47  0.02
31.22  0.02
30.97  0.02
30.72  0.02
30.47  0.02
30.22  0.02
29.97  0.02
29.72  0.02
29.47  0.02
29.22  0.02
28.97  0.02
28.72  0.02
28.47  0.02
28.22  0.02
27.97  0.02
27.72  0.02
27.47  0.02
27.22  0.02
26.97  0.02
26.72  0.02
26.47  0.02
26.22  0.02
25.97  0.02
25.72  0.03
25.47  0.03
25.22  0.03
24.97  0.03
24.72  0.03
24.47  0.03
24.22  0.03
23.97  0.03
23.72  0.03
23.47  0.03
23.22  0.03
22.97  0.03
22.72  0.03
22.47  0.03
22.22  0.03
21.97  0.03
21.72  0.03
21.47  0.03
21.22  0.03
20.97  0.03
20.72  0.03
20.47  0.03
20.25  0.03
20.06  0.03
19.86  0.03
19.66  0.03
19.46  0.03
19.25  0.03
19.03  0.03
18.81  0.03
18.59  0.03
18.36  0.03
18.13  0.03
17.90  0.03
17.66  0.03
17.42  0.03
17.18  0.03
16.94  0.03
16.69  0.03
16.43  0.03
16.18  0.03
15.92  0.03
15.66  0.03
15.40  0.03
15.14  0.03
14.87  0.03
14.61  0.03
14.34  0.03
14.07  0.03
13.79  0.03
13.52  0.03
13.24  0.03
12.97  0.03
12.69  0.03
12.41  0.03
12.13  0.03
11.85  0.03
11.57  0.03
11.29  0.03
11.01  0.03
10.73  0.03
10.45  0.03
10.17  0.03
9.89  0.03
9.61  0.03
9.33  0.03
9.05  0.03
8.77  0.03
8.49  0.03
8.21  0.03
7.94  0.03
7.66  0.03
7.39  0.03
7.11  0.03
6.84  0.03
6.57  0.03
6.31  0.03
6.04  0.03
5.78  0.03
5.52  0.03
5.26  0.03
5.00  0.03
4.75  0.03
4.50  0.03
4.25  0.03
4.00  0.03
3.76  0.03
3.52  0.03
3.28  0.03
3.05  0.03
2.82  0.03
2.59  0.03
2.37  0.03
2.15  0.03
1.94  0.03
1.73  0.03
1.52  0.03
1.32  0.03
1.13  0.03
0.93  0.03
0.74  0.03
0.55  0.03
0.36  0.03
0.16  0.03
-0.04  0.03
-0.25  0.03
-0.46  0.03
-0.67  0.03
-0.89  0.03
-1.11  0.03
-1.33  0.03
-1.56  0.03
-1.79  0.03
-2.02  0.03
-2.26  0.03
-2.50  0.03
-2.74  0.03
-2.98  0.03
-3.23  0.03
-3.48  0.03
-3.73  0.03
-3.98  0.03
-4.24  0.03
-4.49  0.03
-4.75  0.03
-5.01  0.03
-5.28  0.03
-5.54  0.03
-5.81  0.03
-6.08  0.03
-6.35  0.03
-6.62  0.03
-6.89  0.03
-7.16  0.03
-7.44  0.03
-7.71  0.03
-7.99  0.03
-8.27  0.03
-8.55  0.03
-8.82  0.03
-9.10  0.03
-9.38  0.03
-9.66  0.03
-9.94  0.03
-10.23  0.03
-10.51  0.03
-10.79  0.03
-11.07  0.03
-11.35  0.03
-11.63  0.03
-11.91  0.03
-12.19  0.03
-12.47  0.03
-12.75  0.03
-13.03  0.03
-13.31  0.03
-13.59  0.03
-13.86  0.03
-14.14  0.03
-14.41  0.03
-14.68  0.03
-14.96  0.03
-15.23  0.03
-15.50  0.03
-15.76  0.03
-16.03  0.03
-16.29  0.03
-16.56  0.03
-16.82  0.03
-17.08  0.03
-17.33  0.03
-17.59  0.03
-17.84  0.03
-18.09  0.03
-18.34  0.03
-18.58  0.03
-18.83  0.03
-19.07  0.03
-19.30  0.03
-19.54  0.03
-19.77  0.03
-20.00  0.03
-20.23  0.03
-20.45  0.03
-20.67  0.03
-20.88  0.03
-21.10  0.03
-21.31  0.03
-21.51  0.03
-21.71  0.03
-21.91  0.03
-22.10  0.03
-22.30  0.03
-22.53  0.03
-22.78  0.03
-23.03  0.03
-23.28  0.03
-23.53  0.03
-23.78  0.03
-24.03  0.03
-24.28  0.03
-24.53  0.03
-24.78  0.03
-25.03  0.03
-25.28  0.02
-25.53  0.02
-25.78  0.02
-26.03  0.02
-26.28  0.02
-26.53  0.02
-26.78  0.02
-27.03  0.02
-27.28  0.02
-27.53  0.02
-27.78  0.02
-28.03  0.02
-28.28  0.02
-28.53  0.02
-28.78  0.02
-29.03  0.02
-29.28  0.02
-29.53  0.02
-29.78  0.02
-30.03  0.02
-30.28  0.02
-30.53  0.02
-30.78  0.02
-31.03  0.02
-31.28  0.01
-31.53  0.01
-31.78  0.01
-32.03  0.01
-32.28  0.01
-32.53  0.01
-32.78  0.01
-33.03  0.01
-33.28  0.01
-33.53  0.01
-33.78  0.01
-34.03  0.01
-34.28  0.01
-34.53  0.01
-34.78  0.01
-35.03  0.01
-35.28  0.01
-35.53  0.01
-35.78  0.01
-36.03  0.01
-36.28  0.01
-36.53  0.01
-36.78  0.01
-37.03  0.01
-37.28  0.00
-37.53  0.00
-37.78  0.00
-38.03  0.00
-38.28  0.00
-38.53  0.00
-38.78  0.00
-39.03  0.00
-39.28  0.00
-39.53  0.00
-39.78  0.00
-40.03  -0.00
-40.28  -0.00
-40.53  -0.00
-40.78  -0.00
-41.03  -0.00
-41.28  -0.00
-41.53  -0.00
-41.78  -0.00
-42.03  -0.00
-42.28  -0.00
-42.53  -0.00
-42.78  -0.00
0.00  -0.00
53.63  10.82
53.64  10.57
53.65  10.32
53.67  10.07
53.68  9.82
53.69  9.57
53.70  9.32
53.71  9.07
53.72  8.82
53.73  8.61
53.75  8.36
53.76  8.09
53.76  7.81
53.77  7.53
53.76  7.28
53.74  7.05
53.71  6.85
53.66  6.63
53.59  6.38
53.51  6.12
53.43  5.85
53.33  5.59
53.24  5.34
53.16  5.12
53.08  4.94
52.99  4.74
52.89  4.53
52.77  4.29
52.65  4.04
52.51  3.79
52.38  3.55
52.25  3.32
52.11  3.10
51.99  2.91
51.87  2.75
51.73  2.58
51.56  2.40
51.37  2.20
51.17  2.01
50.97  1.81
50.77  1.64
50.58  1.48
50.42  1.36
50.24  1.24
50.04  1.12
49.81  0.99
49.57  0.86
49.31  0.73
49.06  0.61
48.82  0.51
48.59  0.42
48.39  0.35
48.20  0.30
47.98  0.26
47.74  0.22
47.48  0.19
47.21  0.16
46.93  0.14
46.65  0.12
46.37  0.11
46.10  0.10
45.84  0.09
45.60  0.08
45.39  0.08
45.17  0.07
44.92  0.06
44.67  0.06
44.42  0.05
44.17  0.05
43.92  0.04
43.67  0.03
43.42  0.03
43.17  0.02
42.92  0.01
0.00  0.01
53.63  10.82
53.63  11.07
53.63  11.32
53.63  11.57
53.63  11.82
53.63  12.07
53.62  12.32
53.62  12.57
53.62  12.82
53.62  13.07
53.62  13.32
53.62  13.57
53.62  13.82
53.62  14.07
53.62  14.32
53.62  14.57
53.61  14.82
53.61  15.07
53.61  15.32
53.61  15.57
53.61  15.82
53.61  16.07
53.61  16.32
53.61  16.57
53.61  16.82
53.61  17.07
53.61  17.32
53.60  17.57
53.60  17.82
53.60  18.07
53.60  18.32
53.60  18.57
53.60  18.82
53.60  19.07
53.60  19.32
53.60  19.57
53.60  19.82
53.59  20.07
53.59  20.32
53.59  20.57
53.59  20.82
53.59  21.07
53.59  21.32
53.59  21.57
53.59  21.82
53.59  22.07
53.59  22.32
53.59  22.57
53.58  22.82
53.58  23.07
53.58  23.32
53.58  23.57
53.58  23.82
53.58  24.07
53.58  24.32
53.58  24.57
53.58  24.82
53.58  25.07
53.57  25.32
53.57  25.57
53.57  25.82
53.57  26.07
53.57  26.32
53.57  26.57
53.57  26.82
53.57  27.07
53.57  27.32
53.57  27.57
53.56  27.82
53.56  28.07
53.56  28.32
53.56  28.57
53.56  28.82
53.56  29.07
53.56  29.32
53.56  29.57
53.56  29.82
53.56  30.07
53.56  30.32
53.55  30.57
53.55  30.82
53.55  31.07
53.55  31.32
53.55  31.57
53.55  31.82
53.55  32.07
53.55  32.32
53.55  32.57
53.55  32.82
53.54  33.07
53.54  33.32
53.54  33.57
53.54  33.82
53.54  34.07
53.54  34.32
53.54  34.56
53.54  34.76
53.54  34.98
53.54  35.22
53.54  35.47
53.53  35.73
53.53  36.00
53.53  36.28
53.52  36.56
53.51  36.84
53.51  37.12
53.50  37.40
53.48  37.67
53.47  37.92
53.45  38.17
53.43  38.40
53.41  38.62
53.38  38.81
53.35  39.01
53.31  39.23
53.27  39.46
53.22  39.71
53.16  39.97
53.10  40.24
53.04  40.51
52.97  40.79
52.90  41.06
52.83  41.32
52.75  41.58
52.68  41.83
52.61  42.07
52.53  42.29
52.46  42.48
52.39  42.66
52.31  42.86
52.22  43.07
52.11  43.29
52.00  43.52
51.88  43.76
51.75  44.01
51.62  44.25
51.48  44.50
51.35  44.74
51.21  44.98
51.07  45.21
50.94  45.43
50.81  45.63
50.69  45.82
50.58  45.99
50.46  46.15
50.34  46.31
50.20  46.49
50.05  46.68
49.89  46.87
49.72  47.07
49.55  47.28
49.37  47.49
49.18  47.70
48.99  47.91
48.80  48.11
48.61  48.32
48.42  48.52
48.23  48.71
48.04  48.90
47.86  49.08
47.69  49.25
47.52  49.41
47.35  49.55
47.20  49.68
47.05  49.80
46.88  49.93
46.70  50.06
46.50  50.20
46.30  50.34
46.08  50.49
45.85  50.63
45.62  50.78
45.38  50.93
45.14  51.07
44.90  51.21
44.65  51.35
44.41  51.49
44.18  51.62
43.94  51.74
43.72  51.86
43.50  51.97
43.29  52.07
43.10  52.16
42.92  52.24
42.74  52.31
42.54  52.39
42.32  52.46
42.09  52.54
41.85  52.62
41.60  52.69
41.34  52.77
41.08  52.85
40.81  52.92
40.54  52.99
40.26  53.06
39.99  53.13
39.72  53.19
39.46  53.25
39.20  53.30
38.95  53.36
38.71  53.40
38.49  53.44
38.27  53.48
38.08  53.50
37.89  53.53
37.70  53.55
37.51  53.57
37.31  53.60
37.12  53.62
36.92  53.64
36.71  53.66
36.51  53.68
36.30  53.70
36.09  53.72
35.88  53.73
35.67  53.75
35.45  53.77
35.24  53.78
35.02  53.80
34.79  53.81
34.57  53.83
34.34  53.84
34.12  53.86
33.89  53.87
33.65  53.88
33.42  53.90
33.18  53.91
32.95  53.92
32.71  53.93
32.47  53.94
32.22  53.95
31.98  53.96
31.73  53.97
31.49  53.98
31.24  53.98
30.99  53.99
30.73  54.00
30.48  54.01
30.23  54.01
29.97  54.02
29.71  54.02
29.45  54.03
29.19  54.03
28.93  54.04
28.67  54.04
28.41  54.05
28.14  54.05
27.87  54.05
27.61  54.05
27.34  54.06
27.07  54.06
26.80  54.06
26.53  54.06
26.26  54.06
25.99  54.06
25.71  54.06
25.44  54.06
25.16  54.06
24.89  54.06
24.61  54.06
24.34  54.06
24.06  54.06
23.78  54.06
23.50  54.05
23.22  54.05
22.94  54.05
22.66  54.05
22.38  54.04
22.10  54.04
21.82  54.04
21.54  54.03
21.26  54.03
20.98  54.03
20.70  54.02
20.42  54.02
20.14  54.01
19.85  54.01
19.57  54.00
19.29  54.00
19.01  53.99
18.73  53.99
18.45  53.98
18.17  53.98
17.88  53.97
17.60  53.97
17.32  53.96
17.04  53.95
16.76  53.95
16.48  53.94
16.21  53.93
15.93  53.93
15.65  53.92
15.37  53.91
15.10  53.91
14.82  53.90
14.54  53.89
14.27  53.89
13.99  53.88
13.72  53.87
13.45  53.87
13.18  53.86
12.91  53.85
12.64  53.85
12.37  53.84
12.10  53.83
11.83  53.82
11.57  53.82
11.30  53.81
11.04  53.80
10.77  53.80
10.51  53.79
10.25  53.78
9.99  53.77
9.74  53.77
9.48  53.76
9.22  53.75
8.97  53.75
8.72  53.74
8.47  53.73
8.22  53.73
7.97  53.72
7.72  53.72
7.48  53.71
7.24  53.70
7.00  53.70
6.76  53.69
6.52  53.69
6.28  53.68
6.05  53.68
5.82  53.67
5.59  53.67
5.36  53.66
5.13  53.66
4.91  53.65
4.69  53.65
4.47  53.64
4.25  53.64
4.03  53.64
3.82  53.63
3.61  53.63
3.40  53.63
3.19  53.62
2.99  53.62
2.78  53.62
2.58  53.62
2.39  53.61
2.19  53.61
2.00  53.61
1.81  53.61
1.62  53.61
1.41  53.61
1.18  53.60
0.94  53.60
0.68  53.60
0.41  53.60
0.14  53.59
-0.14  53.59
-0.42  53.58
-0.70  53.58
-0.98  53.58
-1.25  53.57
-1.51  53.57
-1.77  53.57
-2.01  53.56
-2.23  53.56
-2.44  53.56
-2.63  53.56
-2.82  53.56
-3.01  53.56
-3.21  53.56
-3.41  53.56
-3.61  53.56
-3.81  53.56
-4.02  53.56
-4.23  53.56
-4.44  53.56
-4.65  53.56
-4.87  53.56
-5.09  53.56
-5.31  53.56
-5.53  53.57
-5.75  53.57
-5.98  53.57
-6.21  53.57
-6.44  53.58
-6.68  53.58
-6.91  53.58
-7.15  53.59
-7.39  53.59
-7.63  53.59
-7.87  53.60
-8.12  53.60
-8.36  53.60
-8.61  53.61
-8.86  53.61
-9.11  53.62
-9.36  53.62
-9.62  53.62
-9.87  53.63
-10.13  53.63
-10.39  53.64
-10.65  53.64
-10.91  53.65
-11.17  53.65
-11.44  53.66
-11.70  53.66
-11.97  53.67
-12.24  53.67
-12.50  53.68
-12.77  53.68
-13.04  53.69
-13.31  53.69
-13.59  53.70
-13.86  53.70
-14.13  53.71
-14.41  53.71
-14.68  53.72
-14.96  53.72
-15.24  53.73
-15.51  53.73
-15.79  53.74
-16.07  53.74
-16.35  53.75
-16.63  53.75
-16.91  53.76
-17.19  53.76
-17.47  53.77
-17.75  53.77
-18.03  53.77
-18.31  53.78
-18.59  53.78
-18.87  53.79
-19.15  53.79
-19.44  53.80
-19.72  53.80
-20.00  53.80
-20.28  53.81
-20.56  53.81
-20.84  53.82
-21.12  53.82
-21.40  53.82
-21.68  53.82
-21.96  53.83
-22.24  53.83
-22.52  53.83
-22.80  53.84
-23.08  53.84
-23.36  53.84
-23.63  53.84
-23.91  53.84
-24.18  53.85
-24.46  53.85
-24.73  53.85
-25.01  53.85
-25.28  53.85
-25.55  53.85
-25.82  53.85
-26.09  53.85
-26.36  53.85
-26.62  53.85
-26.89  53.85
-27.16  53.85
-27.42  53.85
-27.68  53.85
-27.94  53.84
-28.20  53.84
-28.46  53.84
-28.72  53.84
-28.98  53.83
-29.23  53.83
-29.48  53.83
-29.74  53.82
-29.99  53.82
-30.23  53.82
-30.48  53.81
-30.73  53.81
-30.97  53.80
-31.21  53.79
-31.45  53.79
-31.69  53.78
-31.92  53.78
-32.16  53.77
-32.39  53.76
-32.62  53.75
-32.84  53.74
-33.07  53.74
-33.29  53.73
-33.51  53.72
-33.73  53.71
-33.95  53.70
-34.16  53.69
-34.37  53.68
-34.58  53.67
-34.79  53.65
-34.99  53.64
-35.20  53.63
-35.40  53.62
-35.59  53.60
-35.79  53.59
-35.98  53.57
-36.16  53.56
-36.36  53.54
-36.57  53.52
-36.79  53.50
-37.03  53.48
-37.28  53.45
-37.53  53.42
-37.80  53.39
-38.07  53.35
-38.34  53.32
-38.62  53.28
-38.90  53.24
-39.18  53.19
-39.45  53.15
-39.73  53.10
-40.00  53.05
-40.26  53.01
-40.52  52.95
-40.76  52.90
-41.00  52.85
-41.22  52.79
-41.43  52.74
-41.63  52.68
-41.81  52.62
-42.00  52.55
-42.21  52.47
-42.43  52.38
-42.66  52.28
-42.89  52.17
-43.14  52.06
-43.38  51.94
-43.63  51.81
-43.89  51.68
-44.14  51.55
-44.38  51.42
-44.62  51.29
-44.86  51.16
-45.09  51.03
-45.30  50.90
-45.51  50.77
-45.70  50.65
-45.87  50.54
-46.03  50.43
-46.20  50.31
-46.38  50.18
-46.57  50.03
-46.77  49.87
-46.97  49.70
-47.18  49.52
-47.39  49.34
-47.60  49.15
-47.81  48.96
-48.01  48.78
-48.21  48.59
-48.41  48.41
-48.59  48.23
-48.76  48.06
-48.92  47.90
-49.06  47.75
-49.19  47.60
-49.33  47.44
-49.48  47.26
-49.64  47.07
-49.81  46.87
-49.97  46.65
-50.14  46.43
-50.31  46.20
-50.48  45.98
-50.64  45.75
-50.79  45.53
-50.94  45.32
-51.07  45.12
-51.19  44.93
-51.29  44.76
-51.38  44.59
-51.48  44.39
-51.59  44.18
-51.69  43.96
-51.80  43.72
-51.91  43.48
-52.02  43.22
-52.13  42.96
-52.24  42.70
-52.35  42.44
-52.45  42.18
-52.54  41.93
-52.63  41.69
-52.71  41.45
-52.79  41.23
-52.85  41.02
-52.90  40.82
-52.95  40.63
-53.00  40.43
-53.04  40.20
-53.08  39.97
-53.13  39.72
-53.17  39.46
-53.20  39.19
-53.24  38.92
-53.28  38.64
-53.31  38.36
-53.34  38.08
-53.37  37.81
-53.40  37.53
-53.42  37.26
-53.45  37.00
-53.47  36.75
-53.49  36.51
-53.51  36.28
-53.52  36.07
-53.54  35.87
-53.55  35.68
-53.56  35.49
-53.57  35.28
-53.58  35.08
-53.59  34.86
-53.60  34.65
-53.61  34.43
-53.61  34.20
-53.62  33.97
-53.63  33.73
-53.63  33.49
-53.64  33.25
-53.64  33.00
-53.65  32.75
-53.65  32.50
-53.66  32.24
-53.66  31.98
-53.66  31.72
-53.66  31.45
-53.67  31.18
-53.67  30.91
-53.67  30.64
-53.67  30.37
-53.67  30.09
-53.67  29.81
-53.67  29.54
-53.67  29.26
-53.67  28.98
-53.67  28.70
-53.67  28.42
-53.67  28.13
-53.67  27.85
-53.66  27.57
-53.66  27.29
-53.66  27.01
-53.66  26.73
-53.65  26.45
-53.65  26.17
-53.65  25.90
-53.65  25.62
-53.64  25.35
-53.64  25.08
-53.64  24.81
-53.63  24.54
-53.63  24.27
-53.63  24.01
-53.63  23.75
-53.62  23.50
-53.62  23.24
-53.62  22.99
-53.61  22.74
-53.61  22.50
-53.61  22.26
-53.60  22.03
-53.60  21.80
-53.60  21.57
-53.60  21.35
-53.59  21.13
-53.59  20.92
-53.59  20.71
-53.59  20.51
-53.59  20.32
-53.58  20.12
-53.58  19.87
-53.58  19.62
-53.58  19.37
-53.58  19.12
-53.58  18.87
-53.57  18.62
-53.57  18.37
-53.57  18.12
-53.57  17.87
-53.57  17.62
-53.56  17.37
-53.56  17.12
-53.56  16.87
-53.56  16.62
-53.56  16.37
-53.56  16.12
-53.55  15.87
-53.55  15.62
-53.55  15.37
-53.55  15.12
-53.55  14.87
-53.54  14.62
-53.54  14.37
-53.54  14.12
-53.54  13.87
-53.54  13.62
-53.54  13.37
-53.53  13.12
-53.53  12.87
-53.53  12.62
-53.53  12.37
-53.53  12.12
-53.52  11.87
-53.52  11.62
-53.52  11.37
-53.52  11.12
-53.52  10.87
-53.52  10.76
