38.98  3.15
38.98  3.15
38.98  3.15
38.98  3.15
38.98  3.15
38.98  3.15
38.98  3.15
38.98  3.15
38.98  3.15
38.98  3.15
38.98  3.15
38.98  3.15
38.98  3.15
38.98  3.15
38.98  3.15
38.98  3.15
38.98  3.15
38.98  3.15
38.98  3.15
38.98  3.15
38.98  3.15
38.98  3.15
38.98  3.15
38.98  3.15
38.98  3.15
38.98  3.15
38.98  3.15
38.94  3.15
38.89  3.15
38.83  3.15
38.76  3.15
38.67  3.15
38.56  3.15
38.39  3.15
38.25  3.14
38.09  3.14
37.94  3.13
37.76  3.12
37.63  3.11
37.43  3.10
37.25  3.08
37.13  3.07
36.95  3.05
36.79  3.03
36.64  3.01
36.49  2.98
36.34  2.95
36.16  2.91
35.96  2.86
35.69  2.79
35.41  2.70
35.17  2.62
34.99  2.56
34.74  2.48
34.47  2.38
34.20  2.29
33.96  2.21
33.75  2.14
33.48  2.06
33.23  1.99
32.99  1.92
32.75  1.85
32.52  1.79
32.24  1.72
31.92  1.63
31.56  1.53
31.23  1.44
30.99  1.37
30.66  1.28
30.30  1.19
29.94  1.10
29.61  1.02
29.29  0.96
29.00  0.90
28.64  0.83
28.32  0.78
27.99  0.74
27.75  0.72
27.43  0.70
27.02  0.67
26.67  0.66
26.39  0.64
25.89  0.62
25.49  0.60
25.09  0.58
24.69  0.56
24.29  0.54
23.94  0.53
23.47  0.50
23.03  0.48
22.58  0.46
22.20  0.44
21.76  0.42
21.26  0.40
20.82  0.39
20.39  0.37
19.94  0.35
19.58  0.34
19.01  0.32
18.42  0.30
17.90  0.28
17.36  0.26
16.79  0.24
16.22  0.22
15.58  0.20
15.02  0.18
14.53  0.16
13.96  0.14
13.47  0.12
12.98  0.10
12.28  0.08
11.72  0.07
11.09  0.06
10.58  0.05
9.96  0.05
9.34  0.04
8.71  0.03
8.17  0.02
7.43  0.02
6.75  0.01
6.05  -0.00
5.27  -0.01
4.58  -0.02
3.98  -0.03
3.20  -0.04
2.52  -0.05
1.83  -0.05
1.32  -0.06
0.55  -0.07
-0.22  -0.08
-0.73  -0.09
-1.49  -0.10
-2.22  -0.11
-2.79  -0.11
-3.51  -0.12
-4.07  -0.13
-4.79  -0.14
-5.43  -0.15
-5.99  -0.15
-6.71  -0.16
-7.35  -0.17
-7.90  -0.18
-8.46  -0.18
-9.01  -0.19
-9.87  -0.20
-10.45  -0.21
-11.00  -0.22
-11.55  -0.22
-12.03  -0.23
-12.65  -0.24
-13.14  -0.24
-13.74  -0.25
-14.43  -0.26
-14.96  -0.26
-15.56  -0.27
-16.24  -0.28
-16.77  -0.29
-17.45  -0.30
-17.98  -0.30
-18.66  -0.31
-19.26  -0.32
-19.85  -0.33
-20.53  -0.33
-20.97  -0.34
-21.59  -0.35
-22.12  -0.35
-22.57  -0.36
-23.15  -0.37
-23.74  -0.37
-24.25  -0.38
-24.77  -0.39
-25.29  -0.39
-25.80  -0.40
-26.31  -0.41
-26.83  -0.41
-27.34  -0.42
-27.85  -0.42
-28.36  -0.43
-28.74  -0.44
-29.31  -0.44
-29.84  -0.45
-30.44  -0.46
-30.98  -0.46
-31.45  -0.47
-32.04  -0.48
-32.58  -0.48
-33.11  -0.49
-33.64  -0.49
-34.10  -0.49
-34.69  -0.48
-35.22  -0.48
-35.74  -0.47
-36.27  -0.46
-36.73  -0.46
-37.31  -0.45
-37.83  -0.44
-38.35  -0.42
-38.94  -0.40
-39.46  -0.38
-39.91  -0.36
-40.49  -0.34
-41.00  -0.32
-41.45  -0.30
-42.02  -0.25
-42.46  -0.20
-42.96  -0.13
-43.46  -0.04
-43.95  0.06
-44.51  0.18
-44.93  0.28
-45.48  0.40
-45.91  0.51
-46.44  0.65
-46.85  0.78
-47.30  0.95
-47.79  1.17
-48.21  1.39
-48.51  1.57
-48.99  1.90
-49.31  2.15
-49.69  2.48
-50.00  2.80
-50.28  3.13
-50.53  3.49
-50.73  3.81
-50.94  4.20
-51.12  4.60
-51.31  5.06
-51.42  5.37
-51.57  5.84
-51.70  6.26
-51.84  6.73
-51.93  7.05
-52.06  7.47
-52.19  7.94
-52.33  8.41
-52.45  8.88
-52.55  9.25
-52.65  9.67
-52.74  10.04
-52.86  10.51
-52.96  10.93
-53.06  11.40
-53.11  11.66
-53.18  12.13
-53.23  12.55
-53.28  13.07
-53.31  13.50
-53.34  13.86
-53.37  14.28
-53.41  14.76
-53.44  15.12
-53.47  15.59
-53.49  16.00
-53.50  16.37
-53.50  16.78
-53.49  17.24
-53.48  17.66
-53.46  18.07
-53.45  18.43
-53.44  18.84
-53.43  19.30
-53.42  19.71
-53.41  20.12
-53.40  20.53
-53.38  20.93
-53.37  21.34
-53.36  21.75
-53.35  22.15
-53.34  22.51
-53.33  22.96
-53.32  23.36
-53.30  23.77
-53.29  24.17
-53.28  24.52
-53.27  24.97
-53.26  25.42
-53.25  25.82
-53.24  26.12
-53.23  26.52
-53.22  26.91
-53.20  27.41
-53.19  27.76
-53.18  28.20
-53.17  28.60
-53.16  28.99
-53.15  29.38
-53.14  29.78
-53.13  30.17
-53.12  30.56
-53.10  30.90
-53.08  31.34
-53.06  31.73
-53.03  32.06
-53.00  32.50
-52.97  32.84
-52.94  33.27
-52.91  33.66
-52.88  34.09
-52.86  34.42
-52.83  34.76
-52.80  35.14
-52.77  35.62
-52.73  36.10
-52.71  36.37
-52.68  36.85
-52.64  37.33
-52.59  37.81
-52.56  38.18
-52.51  38.66
-52.47  38.97
-52.39  39.50
-52.32  39.91
-52.25  40.33
-52.18  40.74
-52.12  41.05
-52.02  41.57
-51.92  42.03
-51.85  42.38
-51.74  42.83
-51.63  43.22
-51.52  43.56
-51.38  43.94
-51.24  44.32
-51.05  44.73
-50.89  45.03
-50.70  45.37
-50.45  45.74
-50.26  46.02
-49.99  46.37
-49.73  46.67
-49.53  46.89
-49.19  47.24
-48.92  47.52
-48.64  47.79
-48.35  48.06
-48.10  48.29
-47.77  48.58
-47.48  48.84
-47.22  49.07
-46.89  49.36
-46.64  49.58
-46.31  49.86
-46.02  50.12
-45.73  50.37
-45.43  50.61
-45.14  50.84
-44.83  51.05
-44.52  51.25
-44.21  51.43
-43.85  51.61
-43.57  51.73
-43.23  51.86
-42.89  51.96
-42.59  52.05
-42.15  52.15
-41.84  52.22
-41.49  52.28
-41.09  52.36
-40.82  52.40
-40.43  52.47
-40.12  52.52
-39.72  52.59
-39.37  52.65
-39.06  52.71
-38.62  52.78
-38.31  52.84
-38.01  52.89
-37.61  52.96
-37.27  53.02
-36.92  53.08
-36.61  53.13
-36.22  53.20
-35.88  53.26
-35.53  53.32
-35.14  53.39
-34.84  53.44
-34.54  53.50
-34.15  53.56
-33.77  53.63
-33.42  53.69
-33.04  53.75
-32.83  53.78
-32.44  53.83
-32.10  53.88
-31.68  53.94
-31.34  53.98
-31.04  54.01
-30.75  54.03
-30.37  54.04
-30.03  54.05
-29.68  54.05
-29.29  54.04
-28.83  54.04
-28.48  54.04
-28.02  54.03
-27.74  54.03
-27.16  54.03
-26.69  54.02
-26.22  54.02
-25.75  54.02
-25.22  54.01
-24.81  54.00
-24.34  54.00
-23.76  53.98
-23.23  53.97
-22.82  53.96
-22.21  53.95
-21.63  53.94
-21.09  53.93
-20.24  53.91
-19.62  53.90
-19.05  53.89
-18.30  53.87
-17.63  53.86
-17.05  53.85
-16.30  53.83
-15.61  53.82
-14.92  53.80
-14.23  53.79
-13.55  53.77
-12.86  53.76
-12.18  53.75
-11.49  53.73
-10.90  53.72
-10.13  53.71
-9.54  53.69
-8.78  53.68
-8.12  53.66
-7.50  53.65
-6.89  53.64
-6.29  53.63
-5.68  53.62
-5.06  53.60
-4.44  53.59
-3.89  53.58
-3.26  53.57
-2.64  53.55
-2.01  53.54
-1.31  53.53
-0.77  53.52
-0.07  53.50
0.47  53.49
1.17  53.48
1.78  53.48
2.32  53.47
3.01  53.46
3.47  53.46
4.16  53.45
4.77  53.45
5.46  53.45
6.07  53.45
6.68  53.46
7.28  53.46
7.89  53.47
8.42  53.47
9.10  53.48
9.78  53.48
10.30  53.49
10.90  53.49
11.43  53.50
12.10  53.51
12.70  53.51
13.29  53.52
13.89  53.52
14.48  53.53
15.07  53.53
15.74  53.54
16.26  53.54
16.92  53.55
17.44  53.55
18.02  53.56
18.68  53.57
19.20  53.57
19.85  53.58
20.44  53.58
21.02  53.59
21.67  53.59
22.18  53.60
22.83  53.60
23.34  53.61
23.92  53.61
24.57  53.62
25.00  53.62
25.71  53.63
26.29  53.63
26.86  53.64
27.43  53.65
27.86  53.65
28.57  53.66
29.14  53.66
29.64  53.67
30.27  53.67
30.77  53.68
31.33  53.68
31.97  53.69
32.53  53.69
33.09  53.70
33.51  53.70
34.21  53.71
34.76  53.71
35.32  53.69
35.87  53.67
36.29  53.64
36.98  53.60
37.46  53.56
38.08  53.52
38.62  53.49
39.17  53.45
39.72  53.41
40.25  53.36
40.79  53.29
41.31  53.20
41.82  53.09
42.32  52.95
42.73  52.79
43.25  52.56
43.69  52.31
44.16  52.00
44.47  51.78
44.86  51.47
45.29  51.10
45.67  50.76
45.99  50.46
46.40  50.07
46.77  49.73
47.12  49.38
47.42  49.07
47.76  48.70
48.12  48.28
48.46  47.85
48.72  47.51
49.04  47.07
49.31  46.66
49.49  46.35
49.79  45.82
50.00  45.45
50.25  44.97
50.46  44.54
50.65  44.16
50.85  43.72
51.08  43.24
51.28  42.80
51.48  42.37
51.66  41.99
51.88  41.51
52.07  41.08
52.24  40.64
52.37  40.32
52.53  39.82
52.67  39.32
52.78  38.86
52.89  38.41
53.00  37.90
53.07  37.57
53.16  37.12
53.24  36.61
53.31  36.10
53.36  35.64
53.40  35.25
53.44  34.79
53.49  34.28
53.53  33.83
53.56  33.49
53.61  32.99
53.65  32.48
53.69  32.03
53.73  31.59
53.77  31.20
53.81  30.75
53.85  30.25
53.89  29.86
53.93  29.36
53.97  28.97
54.01  28.53
54.06  28.03
54.10  27.59
54.13  27.15
54.17  26.77
54.21  26.33
54.25  25.84
54.29  25.40
54.33  24.97
54.37  24.53
54.41  24.10
54.45  23.67
54.49  23.23
54.53  22.80
54.56  22.37
54.58  22.00
54.60  21.51
54.61  21.14
54.62  20.66
54.63  20.23
54.64  19.86
54.65  19.38
54.66  18.95
54.67  18.53
54.68  18.16
54.68  17.68
54.67  17.26
54.66  16.84
54.66  16.42
54.65  16.11
54.64  15.69
54.63  15.17
54.62  14.75
54.61  14.34
54.60  13.92
54.59  13.56
54.59  13.15
54.58  12.68
54.57  12.27
54.56  11.86
54.55  11.55
54.54  11.04
54.53  10.63
54.52  10.27
54.51  9.81
54.50  9.41
54.49  9.00
54.48  8.60
54.48  8.19
