3.18  -42.61
3.18  -42.36
3.18  -42.11
3.18  -41.86
3.18  -41.61
3.18  -41.36
3.18  -41.11
3.18  -40.86
3.18  -40.61
3.18  -40.36
3.18  -40.11
3.19  -39.86
3.19  -39.61
3.19  -39.36
3.19  -39.11
3.19  -38.86
3.19  -38.61
3.19  -38.36
3.19  -38.11
3.19  -37.86
3.19  -37.61
3.20  -37.36
3.20  -37.11
3.20  -36.86
3.20  -36.61
3.20  -36.36
3.20  -36.11
3.20  -35.86
3.20  -35.61
3.20  -35.36
3.20  -35.11
3.20  -34.86
3.21  -34.61
3.21  -34.36
3.21  -34.11
3.21  -33.86
3.21  -33.61
3.21  -33.36
3.21  -33.11
3.21  -32.86
3.21  -32.61
3.21  -32.36
3.21  -32.11
3.22  -31.86
3.22  -31.61
3.22  -31.36
3.22  -31.11
3.22  -30.86
3.22  -30.61
3.22  -30.36
3.22  -30.11
3.22  -29.86
3.22  -29.61
3.23  -29.36
3.23  -29.11
3.23  -28.86
3.23  -28.61
3.23  -28.36
3.23  -28.11
3.23  -27.86
3.23  -27.61
3.23  -27.36
3.23  -27.11
3.23  -26.86
3.24  -26.61
3.24  -26.36
3.24  -26.11
3.24  -25.86
3.24  -25.61
3.24  -25.36
3.24  -25.11
3.24  -24.86
3.24  -24.61
3.24  -24.36
3.25  -24.11
3.25  -23.86
3.25  -23.61
3.25  -23.36
3.25  -23.11
3.25  -22.86
3.25  -22.61
3.25  -22.36
3.25  -22.16
3.25  -21.97
3.25  -21.77
3.25  -21.57
3.25  -21.37
3.25  -21.16
3.25  -20.95
3.25  -20.73
3.25  -20.51
3.25  -20.29
3.25  -20.06
3.25  -19.84
3.25  -19.61
3.25  -19.37
3.25  -19.13
3.25  -18.89
3.25  -18.65
3.25  -18.41
3.25  -18.16
3.25  -17.91
3.25  -17.66
3.25  -17.40
3.25  -17.15
3.25  -16.89
3.25  -16.63
3.25  -16.37
3.25  -16.10
3.25  -15.84
3.25  -15.57
3.25  -15.30
3.25  -15.03
3.25  -14.76
3.25  -14.49
3.25  -14.21
3.25  -13.94
3.25  -13.66
3.25  -13.38
3.25  -13.11
3.25  -12.83
3.25  -12.55
3.25  -12.27
3.25  -11.99
3.25  -11.71
3.25  -11.43
3.25  -11.15
3.25  -10.86
3.25  -10.58
3.25  -10.30
3.25  -10.02
3.25  -9.74
3.25  -9.46
3.25  -9.18
3.25  -8.90
3.25  -8.62
3.25  -8.34
3.25  -8.06
3.25  -7.79
3.25  -7.51
3.25  -7.24
3.25  -6.96
3.25  -6.69
3.25  -6.42
3.25  -6.15
3.25  -5.88
3.25  -5.61
3.25  -5.35
3.25  -5.08
3.25  -4.82
3.25  -4.56
3.25  -4.30
3.25  -4.05
3.25  -3.80
3.25  -3.54
3.25  -3.29
3.25  -3.05
3.25  -2.80
3.25  -2.56
3.25  -2.32
3.25  -2.09
3.25  -1.85
3.25  -1.62
3.25  -1.40
3.25  -1.17
3.25  -0.95
3.25  -0.73
3.25  -0.52
3.25  -0.31
3.25  -0.10
3.25  0.10
3.25  0.30
3.25  0.50
3.25  0.69
3.25  0.88
3.25  1.07
3.25  1.27
3.25  1.47
3.25  1.67
3.25  1.88
3.25  2.09
3.25  2.31
3.25  2.53
3.25  2.76
3.25  2.99
3.25  3.22
3.25  3.45
3.25  3.69
3.25  3.93
3.25  4.18
3.25  4.43
3.25  4.68
3.25  4.93
3.25  5.19
3.25  5.45
3.25  5.71
3.25  5.97
3.25  6.23
3.25  6.50
3.25  6.77
3.25  7.04
3.25  7.31
3.25  7.59
3.25  7.86
3.25  8.14
3.25  8.41
3.25  8.69
3.25  8.97
3.25  9.25
3.25  9.53
3.25  9.81
3.25  10.09
3.25  10.37
3.25  10.65
3.25  10.93
3.25  11.22
3.25  11.50
3.25  11.78
3.25  12.06
3.25  12.34
3.25  12.61
3.25  12.89
3.25  13.17
3.25  13.44
3.25  13.72
3.25  13.99
3.25  14.26
3.25  14.53
3.25  14.80
3.25  15.07
3.25  15.33
3.25  15.59
3.25  15.85
3.25  16.11
3.25  16.37
3.25  16.62
3.25  16.87
3.25  17.12
3.25  17.36
3.25  17.60
3.25  17.84
3.25  18.07
3.25  18.30
3.25  18.53
3.25  18.75
3.25  18.97
3.25  19.19
3.25  19.40
3.25  19.61
3.25  19.81
3.25  20.01
3.25  20.20
3.25  20.40
3.25  20.65
3.25  20.90
3.25  21.15
3.25  21.40
3.25  21.65
3.25  21.90
3.25  22.15
3.25  22.40
3.25  22.65
3.25  22.90
3.25  23.15
3.25  23.40
3.25  23.65
3.25  23.90
3.25  24.15
3.25  24.40
3.25  24.65
3.25  24.90
3.25  25.15
3.25  25.40
3.25  25.65
3.25  25.90
3.25  26.15
3.25  26.40
3.25  26.65
3.25  26.90
3.25  27.15
3.25  27.40
3.25  27.65
3.25  27.90
3.24  28.15
3.24  28.40
3.24  28.65
3.24  28.90
3.24  29.15
3.24  29.40
3.24  29.65
3.24  29.90
3.24  30.15
3.24  30.40
3.24  30.65
3.24  30.90
3.24  31.15
3.24  31.40
3.24  31.65
3.24  31.90
3.24  32.15
3.24  32.40
3.24  32.65
3.24  32.90
3.24  33.15
3.24  33.40
3.24  33.65
3.24  33.90
3.24  34.15
3.24  34.40
3.24  34.65
3.24  34.90
3.24  35.15
3.24  35.40
3.24  35.65
3.24  35.90
3.24  36.15
3.24  36.40
3.24  36.65
3.24  36.90
3.24  37.15
3.24  37.40
3.24  37.65
3.24  37.90
3.24  38.15
3.24  38.40
3.24  38.65
3.24  38.90
3.24  39.15
3.24  39.40
3.24  39.65
3.24  39.90
3.24  40.15
3.24  40.40
3.24  40.65
3.24  40.90
3.24  41.15
3.24  41.40
3.24  41.65
3.24  41.90
3.24  42.15
3.24  42.40
3.24  42.65
3.24  42.72
3.24  42.71
3.24  42.96
3.24  43.21
3.25  43.46
3.26  43.71
3.27  43.96
3.28  44.21
3.29  44.46
3.30  44.67
3.31  44.91
3.31  45.18
3.30  45.46
3.29  45.75
3.28  46.03
3.28  46.30
3.27  46.55
3.27  46.72
3.27  46.95
3.26  47.23
3.25  47.54
3.23  47.89
3.21  48.25
3.16  48.65
3.09  49.13
3.03  49.56
2.95  49.94
2.85  50.29
2.71  50.63
2.57  50.95
2.43  51.26
2.28  51.56
2.16  51.83
2.02  52.12
1.87  52.42
1.69  52.73
1.48  53.05
1.24  53.37
0.96  53.71
0.60  54.10
0.27  54.45
-0.03  54.75
-0.34  55.02
-0.66  55.25
-1.00  55.45
-1.35  55.63
-1.71  55.80
-2.10  55.97
-2.49  56.13
-2.83  56.27
-3.16  56.40
-3.48  56.51
-3.81  56.61
-4.15  56.69
-4.49  56.75
-4.83  56.79
-5.17  56.82
-5.50  56.84
-5.83  56.86
-6.15  56.87
-6.47  56.88
-6.79  56.88
-7.06  56.88
-7.31  56.89
-7.56  56.89
-7.81  56.89
-8.06  56.87
-8.31  56.86
-8.56  56.85
-8.81  56.83
-9.06  56.83
-9.31  56.82
-9.56  56.81
-9.81  56.81
-10.06  56.80
-10.31  56.80
-10.56  56.80
-10.81  56.80
-10.88  56.81
