9.83 45.34
9.33 45.34
8.83 45.35
8.33 45.34
7.83 45.33
7.34 45.33
6.92 45.31
6.61 45.26
6.69 45.26
6.47 45.23
6.12 45.14
5.75 45.02
5.45 44.92
5.10 44.80
4.71 44.66
4.34 44.49
4.03 44.34
3.92 44.28
3.75 44.13
3.51 43.87
3.28 43.62
3.18 43.49
3.07 43.31
2.93 42.99
2.81 42.65
2.73 42.38
2.73 42.40
2.68 42.20
2.61 41.84
2.56 41.43
2.52 40.98
2.49 40.52
2.47 40.03
2.45 39.53
2.43 39.03
2.41 38.53
2.40 38.03
2.40 37.66
2.40 37.16
2.40 36.66
2.40 36.16
2.40 35.66
2.40 35.16
2.40 34.66
2.40 34.16
2.40 33.66
2.40 33.16
2.40 32.66
2.40 32.16
2.40 31.66
2.40 31.16
2.40 30.66
2.40 30.16
2.40 29.66
2.40 29.16
2.40 28.66
2.40 28.16
2.40 27.66
2.41 27.16
2.41 26.66
2.41 26.16
2.41 25.66
2.41 25.16
2.41 24.66
2.41 24.16
2.41 23.66
2.41 23.16
2.41 22.66
2.41 22.16
2.41 21.66
2.41 21.16
2.41 20.66
2.41 20.16
2.41 19.66
2.41 19.16
2.41 18.66
2.41 18.16
2.41 17.66
2.41 17.16
2.41 16.66
2.41 16.16
2.41 15.66
2.41 15.17
2.41 14.66
2.41 14.16
2.41 13.67
2.41 13.16
2.41 12.66
2.41 12.17
2.42 11.66
2.42 11.17
2.42 10.66
2.42 10.16
2.42 9.66
2.42 9.17
2.42 8.66
2.42 8.16
2.42 7.66
2.42 7.16
2.42 6.66
2.42 6.16
2.41 5.66
2.41 5.16
2.41 4.66
2.41 4.16
2.41 3.66
2.41 3.16
2.41 2.66
2.41 2.16
2.41 1.66
2.41 1.15
2.41 0.66
2.41 0.16
2.41 -0.34
2.41 -0.84
2.41 -1.34
2.41 -1.84
2.41 -2.34
2.41 -2.84
2.41 -3.34
2.41 -3.84
2.41 -4.34
2.41 -4.84
2.41 -5.34
2.41 -5.83
2.41 -6.34
2.41 -6.84
2.41 -7.33
2.41 -7.83
2.41 -8.33
2.41 -8.83
2.41 -9.34
2.41 -9.83
2.42 -10.34
2.42 -10.83
2.42 -11.33
2.42 -11.84
2.42 -12.34
2.42 -12.84
2.42 -13.34
2.42 -13.84
2.42 -14.34
2.42 -14.84
2.42 -15.34
2.42 -15.84
2.42 -16.34
2.42 -16.84
2.42 -17.34
2.42 -17.84
2.42 -18.34
2.42 -18.84
2.42 -19.34
2.42 -19.84
2.42 -20.35
2.42 -20.85
2.42 -21.34
2.42 -21.84
2.42 -22.34
2.42 -22.85
2.42 -23.34
2.42 -23.85
2.42 -24.34
2.42 -24.85
2.42 -25.34
2.42 -25.85
2.42 -26.35
2.41 -26.85
2.41 -27.35
2.41 -27.85
2.41 -28.35
2.41 -28.85
2.41 -29.35
2.41 -29.85
2.40 -30.35
2.40 -30.85
2.40 -31.35
2.40 -31.85
2.40 -32.35
2.39 -32.85
2.39 -33.35
2.39 -33.85
2.39 -34.35
2.39 -34.85
2.38 -35.35
2.38 -35.85
2.38 -36.35
2.38 -36.85
2.38 -37.35
2.38 -37.85
2.37 -38.35
2.37 -38.85
2.37 -39.35
2.37 -39.85
2.37 -40.35
2.36 -40.85
2.36 -41.35
2.36 -41.85
2.36 -42.35
2.36 -42.85
2.35 -43.35
2.35 -43.85
2.35 -44.35
2.35 -44.85
2.35 -45.35
2.35 -45.85
2.34 -46.35
2.34 -46.85
2.34 -47.35
2.34 -47.85
