39.1131  3.15
39.1131  3.15
39.1131  3.15
39.1131  3.15
39.1131  3.15
39.1131  3.15
39.1131  3.15
39.1131  3.15
39.1131  3.15
39.1131  3.15
39.1131  3.15
39.1131  3.15
39.1131  3.15
39.1131  3.15
39.1131  3.15
39.1131  3.15
39.1131  3.15
39.1131  3.15
39.1131  3.15
39.1131  3.15
39.1131  3.15
39.1131  3.15
39.1131  3.15
39.1131  3.15
39.1131  3.15
39.1131  3.15
39.1128  3.15
39.1023  3.15
39.0764  3.15
39.0132  3.15003
38.9418  3.15004
38.8596  3.15004
38.7206  3.15005
38.6158  3.15005
38.4589  3.15004
38.3023  3.15003
38.1806  3.15002
38.0245  3.15001
37.9205  3.15001
37.7406  3.15001
37.5653  3.15001
37.3856  3.15002
37.1176  3.15002
36.9223  3.15001
36.5971  3.14997
36.3328  3.14994
36.0383  3.14993
35.723  3.1499
35.4863  3.14986
35.0597  3.14982
34.7457  3.14977
34.3414  3.14969
33.9565  3.14964
33.6545  3.14959
33.1481  3.14947
32.7143  3.14939
32.2771  3.14928
31.8408  3.14916
31.5141  3.14906
31.0229  3.14891
30.5633  3.14875
30.0235  3.14867
29.5438  3.14852
29.1256  3.14895
28.6483  3.14901
28.1136  3.14387
27.6413  3.12857
27.1698  3.09977
26.8169  3.07101
26.2302  3.0151
25.7621  2.96818
25.3538  2.92715
24.8283  2.87493
24.5381  2.84629
23.9003  2.7779
23.4386  2.71953
22.9759  2.65633
22.4974  2.59001
22.139  2.54028
21.5427  2.45759
21.0667  2.39163
20.6514  2.33423
20.1175  2.26124
19.7632  2.21078
19.1749  2.11814
18.7059  2.03931
18.297  1.96988
17.7708  1.88046
17.3633  1.81126
16.8367  1.72185
16.3393  1.63747
15.8056  1.54696
15.2605  1.45449
14.7846  1.37372
14.1732  1.26991
13.6309  1.17786
13.0896  1.08591
12.5497  0.993363
12.1459  0.924768
11.5417  0.829485
10.9354  0.749388
10.3964  0.687872
9.8581  0.629611
9.38828  0.57936
8.78424  0.514857
8.24877  0.457657
7.71442  0.399973
7.18159  0.342682
6.78223  0.303598
6.11704  0.245916
5.5858  0.202005
5.12246  0.163478
4.52739  0.115755
4.06589  0.0853281
3.47171  0.0548043
2.94511  0.0308213
2.42025  0.0096004
1.89617  -0.00325036
1.43857  -0.00692368
0.842095  -0.00652629
0.276765  -0.0050177
-0.302983  -0.00316566
-0.881802  -0.00147116
-1.31527  -0.000251412
-2.03645  0.00172472
-2.63497  0.0033524
-3.26558  0.00508642
-3.89894  0.0067625
-4.61021  0.00859594
-5.16245  0.0100055
-5.79254  0.0116096
-6.50005  0.0134091
-7.04937  0.0148058
-7.77324  0.0166731
-8.2612  0.0179272
-8.99192  0.0197773
-9.64022  0.0214071
-10.2874  0.0230322
-10.8527  0.0244513
-11.5782  0.0262728
-12.3022  0.0280933
-12.9446  0.0297079
-13.5058  0.0311193
-14.0661  0.0325289
-14.7852  0.034339
-15.4231  0.0359459
-16.1395  0.0377522
-16.775  0.0393543
-17.1717  0.0403557
-17.9637  0.0423546
-18.596  0.043951
-19.2272  0.0455456
-19.9359  0.0473385
-20.3291  0.0483322
-21.0356  0.0501194
-21.7407  0.0519047
-22.4445  0.053688
-23.0688  0.0552711
-23.4585  0.0562592
-24.2365  0.0582352
-24.8577  0.0598106
-25.5552  0.0615826
-26.174  0.0631542
-26.5603  0.0641365
-27.3314  0.0660973
-27.9471  0.0676651
-28.6384  0.0694256
-29.2518  0.0709877
-29.6346  0.0719624
-30.399  0.0739079
-31.0853  0.0749283
-31.6176  0.0757885
-32.224  0.0820999
-32.7537  0.0973701
-33.4332  0.127758
-34.1101  0.164364
-34.7099  0.206779
-35.0838  0.238754
-35.9044  0.316597
-36.4254  0.367805
-37.094  0.433933
-37.6132  0.485329
-38.2794  0.551266
-38.8706  0.609489
-39.3868  0.659817
-40.0488  0.728516
-40.6357  0.793827
-41.2214  0.860096
-41.6598  0.909328
-42.3148  0.985497
-42.9644  1.07196
-43.4637  1.15221
-44.0943  1.27944
-44.6398  1.42091
-45.166  1.59372
-45.6683  1.80142
-46.1482  2.04854
-46.6068  2.33226
-46.9375  2.56568
-47.4652  2.98629
-47.8689  3.34531
-48.2583  3.71674
-48.6316  4.09806
-48.9837  4.49065
-49.3108  4.89924
-49.6129  5.32642
-49.8928  5.76888
-50.1543  6.22279
-50.4013  6.6848
-50.6377  7.15181
-50.8683  7.62079
-51.0972  8.08958
-51.326  8.55736
-51.5544  9.02374
-51.7509  9.43143
-51.9931  9.95663
-52.1927  10.4268
-52.3736  10.9038
-52.5384  11.3868
-52.6726  11.8124
-52.8369  12.3613
-52.9808  12.8487
-53.1238  13.3348
-53.2614  13.8197
-53.3884  14.3039
-53.4997  14.7874
-53.59  15.2716
-53.6571  15.7596
-53.7043  16.2501
-53.7362  16.742
-53.7572  17.2342
-53.7724  17.7258
-53.7863  18.2165
-53.8002  18.7063
-53.812  19.1341
-53.8282  19.6831
-53.8422  20.1703
-53.8562  20.6565
-53.8703  21.1419
-53.8843  21.6263
-53.8983  22.11
-53.9123  22.5927
-53.9263  23.0746
-53.9403  23.5556
-53.952  23.9758
-53.9681  24.515
-53.982  24.9934
-53.9958  25.471
-54.0096  25.9477
-54.0234  26.4235
-54.0372  26.8985
-54.0509  27.3726
-54.0647  27.8459
-54.0796  28.3773
-54.092  28.7899
-54.1057  29.2606
-54.1205  29.7891
-54.1329  30.1995
-54.1477  30.7261
-54.1579  31.0766
-54.1748  31.6597
-54.1883  32.1252
-54.2018  32.5899
-54.216  33.0534
-54.2275  33.4577
-54.2345  33.9746
-54.2298  34.4314
-54.2104  34.8874
-54.1784  35.3427
-54.1483  35.6836
-54.0987  36.1936
-54.0471  36.7024
-54.0023  37.1537
-53.9573  37.6036
-53.9203  37.9401
-53.8513  38.4992
-53.7937  38.9453
-53.7366  39.3904
-53.7081  39.6124
-53.6254  40.22
-53.5568  40.6572
-53.4655  41.1418
-53.3823  41.512
-53.2541  41.9756
-53.1192  42.3735
-52.9624  42.7545
-52.7805  43.12
-52.5737  43.4729
-52.3458  43.814
-52.1629  44.0627
-51.8397  44.4646
-51.5678  44.7764
-51.3231  45.0436
-51.0018  45.3804
-50.7503  45.6388
-50.4195  45.9629
-50.1204  46.2455
-49.8191  46.5249
-49.5182  46.8035
-49.2179  47.0818
-48.9182  47.3596
-48.619  47.637
-48.2703  47.9629
-47.939  48.2705
-47.599  48.5822
-47.3036  48.8558
-46.9243  49.2061
-46.5831  49.5108
-46.2371  49.8095
-45.9764  50.0312
-45.5856  50.3617
-45.2361  50.6517
-44.884  50.9375
-44.5323  51.2221
-44.137  51.5399
-43.8282  51.781
-43.4719  52.0478
-43.0653  52.3319
-42.6981  52.565
-42.3253  52.7762
-41.9951  52.9398
-41.5665  53.1189
-41.2321  53.2302
-40.795  53.3379
-40.3996  53.4029
-40.0494  53.4391
-39.5966  53.4599
-39.1919  53.4576
-38.8369  53.4426
-38.3814  53.4077
-38.027  53.3717
-37.5732  53.3169
-37.1706  53.2638
-36.7689  53.2102
-36.4681  53.1702
-36.0172  53.1107
-35.568  53.0509
-35.1683  52.9981
-34.7702  52.9451
-34.3721  52.8924
-34.0244  52.8464
-33.5779  52.7874
-33.1816  52.7351
-32.7859  52.6829
-32.4896  52.6438
-32.0459  52.5853
-31.6029  52.5269
-31.2099  52.475
-30.9646  52.4427
-30.4748  52.378
-30.084  52.3259
-29.6457  52.2689
-29.2578  52.223
-28.8717  52.1849
-28.5357  52.1605
-28.1518  52.1456
-27.719  52.1446
-27.334  52.1543
-26.9973  52.1685
-26.5548  52.1921
-26.1813  52.2131
-25.6132  52.2448
-25.2155  52.2669
-24.7609  52.2921
-24.3072  52.3173
-23.9102  52.3393
-23.4023  52.3675
-22.9499  52.3926
-22.476  52.4189
-21.9799  52.4464
-21.5296  52.4714
-20.9294  52.5046
-20.3032  52.5392
-19.8149  52.5662
-19.2572  52.5971
-18.7698  52.6242
-18.0753  52.6628
-17.5905  52.6904
-17.106  52.7169
-16.4846  52.7447
-16.0015  52.7639
-15.3821  52.7878
-14.8324  52.8088
-14.2836  52.8298
-13.667  52.8534
-13.2548  52.8692
-12.6014  52.8941
-11.9971  52.9172
-11.3938  52.9403
-10.7163  52.9667
-10.2657  52.9848
-9.51612  53.0089
-8.99215  53.0197
-8.39426  53.0296
-7.79741  53.0385
-7.27602  53.0462
-6.60685  53.056
-5.93707  53.0658
-5.39234  53.0737
-4.65809  53.0844
-4.16679  53.0916
-3.34942  53.1037
-2.69051  53.1134
-1.99689  53.1236
-1.28622  53.1341
-0.754089  53.142
0.133085  53.1552
0.87216  53.1661
1.55014  53.1762
2.43981  53.1894
3.03185  53.1982
4.01678  53.213
4.8031  53.2248
5.58796  53.2366
6.37137  53.2484
7.0555  53.2596
7.93311  53.272
8.71175  53.2753
9.48896  53.2743
10.2647  53.2713
10.8456  53.2685
11.8249  53.2633
12.6454  53.2587
13.4719  53.2541
14.2969  53.2495
14.9146  53.2462
15.8672  53.241
16.8635  53.2355
17.7546  53.2307
18.644  53.2259
19.31  53.2223
20.4179  53.2165
21.3023  53.2119
22.1849  53.2083
23.0652  53.2037
23.8341  53.1921
24.8204  53.1667
25.6953  53.1387
26.5684  53.1083
27.4398  53.0769
28.4181  53.0416
29.177  53.0152
30.0415  52.9804
30.9035  52.9292
31.8698  52.8519
32.4052  52.8038
33.4736  52.7031
34.3256  52.621
35.0688  52.5428
36.1264  52.4132
36.7586  52.3289
37.7037  52.1945
38.5405  52.0647
39.3743  51.9303
40.3069  51.7717
40.8207  51.676
41.8335  51.4543
42.7176  51.2056
43.3787  50.9704
44.1813  50.6073
44.6795  50.3257
45.3658  49.8394
45.9126  49.3448
46.4016  48.8009
46.8384  48.2188
47.1363  47.7633
47.629  46.8983
47.9143  46.3339
48.2597  45.5994
48.5561  44.9431
48.7757  44.4507
49.104  43.7133
49.4291  42.977
49.7093  42.3201
49.9839  41.6622
50.2559  41.0047
50.4929  40.4301
50.7968  39.6926
51.0664  39.0383
51.3355  38.3851
51.537  37.896
51.8387  37.1637
52.1399  36.4328
52.4072  35.7844
52.6739  35.1372
52.8404  34.7333
53.1728  33.9268
53.4381  33.2829
53.703  32.6402
54.0005  31.9186
54.1984  31.4383
54.4949  30.7191
54.791  30.0015
55.0544  29.3658
55.3132  28.7314
55.559  28.0965
55.7557  27.539
55.9732  26.8201
56.0903  26.3406
56.2247  25.5432
56.2716  24.9039
56.2673  24.2647
56.2191  23.6282
56.1356  22.996
56.0243  22.3686
55.8919  21.7421
55.7425  21.0993
55.6266  20.6184
55.4316  19.8189
55.2754  19.1807
55.1195  18.5437
54.9834  17.9872
54.8088  17.2729
54.6346  16.5601
54.4802  15.9276
54.3261  15.2963
54.2107  14.8235
54.0187  14.037
53.8655  13.409
53.7125  12.7822
53.5598  12.1565
53.4074  11.5319
53.2742  10.9863
53.1033  10.286
52.9517  9.66473
52.876  9.3545
52.6682  8.50282
52.4985  7.80754
52.348  7.19068
52.1977  6.57491
52.1039  6.19062
51.9354  5.49996
51.7859  4.88721
51.6179  4.19916
51.4504  3.51249
51.3017  2.90326
51.1347  2.21918
